{"avg_scores": [0.9998023271560669, 0.9997950792312622, 0.9998052561283112, 0.9997906517982483, 0.9998037445545197, 0.9997719311714173, 0.9997928041219711, 0.9997644776105881, 0.9997955471277237, 0.9997915452718735, 0.9997966015338897, 0.9997860640287399, 0.999800323843956, 0.9997977262735367, 0.9997997045516968, 0.9997954833507537, 0.9998140972852707, 0.9997919273376464, 0.999788453578949, 0.9997850531339645, 0.9997943145036697, 0.999790506362915, 0.9998052781820297, 0.9998077178001403, 0.9998029869794846, 0.9997959977388382, 0.9998099398612976, 0.9997828501462936, 0.9998023062944412, 0.9997953909635544, 0.9997974109649658, 0.9998041731119156, 0.9997917103767395, 0.9997805136442185, 0.9998037797212601, 0.9998029774427414, 0.9998107498884201, 0.9997708147764206, 0.999797077178955, 0.9997550201416016, 0.9997985404729843, 0.999792966246605, 0.9997972452640533, 0.9997950130701065, 0.9998184883594513, 0.9998114001750946, 0.9998024296760559, 0.999784300327301, 0.9997862404584885, 0.9997991436719894, 0.9998072403669357, 0.9997989898920059, 0.9901051622629166, 0.9997903019189834, 0.9997943729162216, 0.9997902065515518, 0.9998043608665467, 0.9997920244932175, 0.999786222577095, 0.9997675079107284, 0.9998142391443252, 0.9997782099246979, 0.9997895753383637, 0.9998007273674011, 0.9997934657335281, 0.9998206806182861, 0.9997820919752121, 0.9997805112600326, 0.9998140978813171, 0.9998068308830261, 0.9997932159900665, 0.9899341815710068, 0.9998166114091873, 0.9997927272319793, 0.9997980159521103, 0.9998130315542221, 0.9998010605573654, 0.9997151094675064, 0.9998136061429977, 0.9998065048456192, 0.9998172211647034, 0.9997931587696075, 0.991518440246582, 0.9998191213607788, 0.9997957193851471, 0.999805697798729, 0.9998086673021317, 0.9997903943061829, 0.9998225206136704, 0.9998103094100952, 0.999792754650116, 0.9997994667291641, 0.9997982358932496, 0.9997825789451599, 0.9998139297962189, 0.999800780415535, 0.9997959101200103, 0.9997937840223312, 0.9997971612215042, 0.9997963279485702, 0.999793906211853, 0.999795269370079, 0.9997059732675553, 0.9997917115688324, 0.9997864878177642, 0.9997836077213287, 0.9997866827249527, 0.9997837936878204, 0.9997845017910003, 0.9997977149486542, 0.9997482669353485, 0.9997916990518569, 0.9998009884357453, 0.9997763985395431, 0.9998025816679, 0.9997990560531617, 0.9997983688116073, 0.9914839231967926, 0.9997987878322602, 0.9997719603776932, 0.9997269099950791, 0.9998055094480515, 0.9993804460763931, 0.9998035132884979, 0.9997930312156678, 0.999796342253685, 0.9997849869728088, 0.9997909182310104, 0.9997761464118957, 0.999794437289238, 0.9998108845949173, 0.9997790366411209, 0.9997789698839188, 0.999805828332901, 0.9997928202152252, 0.9997728300094605, 0.9998003113269806, 0.9997646057605744, 0.9997958475351334, 0.9997212964296341, 0.9998034274578095, 0.9998114931583405, 0.9997809761762619, 0.9997970074415207, 0.9997998249530792, 0.9998086613416671, 0.9998077523708343, 0.9997763097286224, 0.9997696989774704, 0.9998097211122513, 0.9964231073856353, 0.9903696125745773, 0.9998041880130768, 0.9997876453399658, 0.9997963017225265, 0.9997934687137604, 0.9997893142700195, 0.9997807961702346, 0.9997866106033325, 0.9997943711280822, 0.999773218035698, 0.9997925597429276, 0.9998054200410843, 0.9997881358861923, 0.9997824627161026, 0.9998099023103714, 0.9997999387979507, 0.9997888141870499, 0.9941153770685196, 0.9998045283555984, 0.999797968864441, 0.9997970861196518, 0.9997933262586594, 0.9997895520925522, 0.9998035109043122, 0.9997862321138382, 0.9997935980558396, 0.9921818190813064, 0.9997980880737305, 0.9998106962442398, 0.9997983604669571, 0.9997954171895981, 0.9997861593961715, 0.9998014211654663, 0.9997892487049103, 0.999793735742569, 0.9998048025369645, 0.9997879749536515, 0.9998070323467254, 0.9997879308462143, 0.9997952914237976, 0.9997847843170166, 0.9997994112968445, 0.9997988432645798, 0.9998002994060516, 0.9997938966751099, 0.9997819954156876, 0.9998050278425217, 0.9998049557209014, 0.9998025292158127], "u_scores": [6.8849863121352555e-06, 6.72387039480538e-06, 1.2089037758231538e-05, 8.154204451306573e-06, 6.686272050713589e-06, 1.4922157837535177e-05, 7.98705736439973e-06, 3.160085973797731e-05, 9.547660448925818e-06, 8.877948402014164e-06, 1.286183648171998e-05, 1.0457999235689245e-05, 7.46780157665675e-06, 1.1340116873011353e-05, 7.172483365168736e-06, 9.385835160098524e-06, 5.0943646186211e-06, 9.224410445598531e-06, 1.4958299706196277e-05, 1.2194016946158204e-05, 9.77961468800396e-06, 1.257628326608218e-05, 6.256713836906115e-06, 5.8458648175083485e-06, 6.3910976927022735e-06, 8.813718168474448e-06, 5.803306988765286e-06, 1.8487212497284547e-05, 1.0366506558193738e-05, 9.446256589988529e-06, 9.292168034043909e-06, 8.443100846284786e-06, 9.79244476749398e-06, 1.1038983955901395e-05, 7.417232528797722e-06, 8.870421409888779e-06, 5.1250761258860345e-06, 1.2193888804402513e-05, 7.419984914891249e-06, 3.7064933486572407e-05, 8.194392467384524e-06, 8.019314098247727e-06, 9.436251775087228e-06, 8.681472060308697e-06, 6.761095794140995e-06, 6.246429724636794e-06, 7.2248820513632055e-06, 1.2143487664861967e-05, 1.0074848232945142e-05, 8.156637841498699e-06, 5.096222535496671e-06, 1.0481184921825784e-05, 0.009637889343852582, 1.1050974964885776e-05, 9.649002124823265e-06, 1.128856058656387e-05, 6.448732437240961e-06, 6.478550465819496e-06, 8.879970877195436e-06, 3.01234001596151e-05, 5.671979586220507e-06, 9.515313307154686e-06, 1.468777212023755e-05, 7.263403920589837e-06, 8.913647593740024e-06, 4.458158680649305e-06, 1.1647383636121442e-05, 1.0727493748373219e-05, 5.946441765952875e-06, 6.45092898849034e-06, 1.0328713992652968e-05, 0.009811487516146706, 5.647653002038039e-06, 9.440988046671074e-06, 7.847452544082297e-06, 5.163462871261726e-06, 7.610305190247245e-06, 7.56606788775111e-05, 6.534953443172707e-06, 5.389941458377312e-06, 4.040341413722243e-06, 8.509629849097255e-06, 0.008236137879097263, 6.314881005723204e-06, 1.0009597145766705e-05, 5.961275723503733e-06, 7.0890338401324075e-06, 1.6503269355902574e-05, 6.2200823887201635e-06, 6.60383595342948e-06, 1.1184640050747093e-05, 8.657041104621861e-06, 7.338863365181996e-06, 2.7908652177239477e-05, 6.478335345835425e-06, 8.484063638671874e-06, 8.425037571226945e-06, 8.531268332372381e-06, 8.8186747770559e-06, 8.545247556247639e-06, 8.529312283330687e-06, 7.273293538851572e-06, 9.554301567879658e-05, 9.52274940536976e-06, 9.765960853155843e-06, 9.940692160877258e-06, 1.520706137798137e-05, 1.0524955338162117e-05, 1.3361349229245047e-05, 9.577047021646857e-06, 4.907108440576121e-05, 1.0745367099650238e-05, 5.487926110771954e-06, 1.0687819267629064e-05, 8.199605660307406e-06, 7.483563710065638e-06, 7.164294958099306e-06, 0.008276496630223586, 7.454572589496004e-06, 1.9990475077830055e-05, 7.163693567692806e-05, 7.372352209579814e-06, 0.0004113814339115622, 5.9545790404575205e-06, 7.815736566828247e-06, 8.0148506878355e-06, 1.6576343686064192e-05, 8.501606567459789e-06, 1.09385618652694e-05, 7.171071838705897e-06, 5.849837247169217e-06, 1.2048159283831088e-05, 1.7338644615805964e-05, 6.449051858481343e-06, 1.3326473886504677e-05, 2.812584250735779e-05, 7.056955122383734e-06, 1.6447066853349307e-05, 7.093914396294634e-06, 7.030546459602541e-05, 8.104077870849301e-06, 5.126151771555569e-06, 1.521794876298214e-05, 9.773395119012784e-06, 8.319316870547321e-06, 5.5226136509484385e-06, 7.137758959068503e-06, 9.594334682187734e-06, 2.582391011584177e-05, 6.892069501501701e-06, 0.003265323403773227, 0.009371132159458163, 8.494307233319205e-06, 8.281290112235214e-06, 9.786563622234045e-06, 1.1514907954139865e-05, 1.0480393356310303e-05, 1.533027249705599e-05, 1.0014873151541573e-05, 9.141089555372223e-06, 1.8389602889621777e-05, 9.074585358918741e-06, 6.946098238932437e-06, 8.961715488931951e-06, 1.244331412832789e-05, 5.9285829780659036e-06, 6.555941104782268e-06, 1.1006913248878285e-05, 0.00566867692489261, 7.484736375201627e-06, 8.610619324857138e-06, 7.0608788800735285e-06, 1.2897703660869215e-05, 1.1355424962458178e-05, 7.925593168873857e-06, 7.723507231736025e-06, 1.2020246655382991e-05, 0.00757792852486745, 6.486731044022609e-06, 7.281851346560053e-06, 7.79133752082178e-06, 8.810346568493701e-06, 8.421415003780846e-06, 8.378270066512322e-06, 8.159481197346486e-06, 1.0576042635057165e-05, 6.360736618401342e-06, 1.1451059218931578e-05, 7.0096022421316815e-06, 8.575676975828133e-06, 9.316534859044038e-06, 1.361099876696386e-05, 8.22158952568897e-06, 8.31179521671129e-06, 8.651011045498228e-06, 7.596551750673188e-06, 1.085841312562903e-05, 6.51972192585121e-06, 7.193432998382837e-06, 7.932802371039786e-06], "score_per_first_name": [[0.9998023271560669, 0.9997950792312622, 0.9998052561283112, 0.9997906517982483, 0.9998037445545197, 0.9997719311714173, 0.9997928041219711, 0.9997644776105881, 0.9997955471277237, 0.9997915452718735], [0.9997966015338897, 0.9997860640287399, 0.999800323843956, 0.9997977262735367, 0.9997997045516968, 0.9997954833507537, 0.9998140972852707, 0.9997919273376464, 0.999788453578949, 0.9997850531339645], [0.9997943145036697, 0.999790506362915, 0.9998052781820297, 0.9998077178001403, 0.9998029869794846, 0.9997959977388382, 0.9998099398612976, 0.9997828501462936, 0.9998023062944412, 0.9997953909635544], [0.9997974109649658, 0.9998041731119156, 0.9997917103767395, 0.9997805136442185, 0.9998037797212601, 0.9998029774427414, 0.9998107498884201, 0.9997708147764206, 0.999797077178955, 0.9997550201416016], [0.9997985404729843, 0.999792966246605, 0.9997972452640533, 0.9997950130701065, 0.9998184883594513, 0.9998114001750946, 0.9998024296760559, 0.999784300327301, 0.9997862404584885, 0.9997991436719894], [0.9998072403669357, 0.9997989898920059, 0.9901051622629166, 0.9997903019189834, 0.9997943729162216, 0.9997902065515518, 0.9998043608665467, 0.9997920244932175, 0.999786222577095, 0.9997675079107284], [0.9998142391443252, 0.9997782099246979, 0.9997895753383637, 0.9998007273674011, 0.9997934657335281, 0.9998206806182861, 0.9997820919752121, 0.9997805112600326, 0.9998140978813171, 0.9998068308830261], [0.9997932159900665, 0.9899341815710068, 0.9998166114091873, 0.9997927272319793, 0.9997980159521103, 0.9998130315542221, 0.9998010605573654, 0.9997151094675064, 0.9998136061429977, 0.9998065048456192], [0.9998172211647034, 0.9997931587696075, 0.991518440246582, 0.9998191213607788, 0.9997957193851471, 0.999805697798729, 0.9998086673021317, 0.9997903943061829, 0.9998225206136704, 0.9998103094100952], [0.999792754650116, 0.9997994667291641, 0.9997982358932496, 0.9997825789451599, 0.9998139297962189, 0.999800780415535, 0.9997959101200103, 0.9997937840223312, 0.9997971612215042, 0.9997963279485702], [0.999793906211853, 0.999795269370079, 0.9997059732675553, 0.9997917115688324, 0.9997864878177642, 0.9997836077213287, 0.9997866827249527, 0.9997837936878204, 0.9997845017910003, 0.9997977149486542], [0.9997482669353485, 0.9997916990518569, 0.9998009884357453, 0.9997763985395431, 0.9998025816679, 0.9997990560531617, 0.9997983688116073, 0.9914839231967926, 0.9997987878322602, 0.9997719603776932], [0.9997269099950791, 0.9998055094480515, 0.9993804460763931, 0.9998035132884979, 0.9997930312156678, 0.999796342253685, 0.9997849869728088, 0.9997909182310104, 0.9997761464118957, 0.999794437289238], [0.9998108845949173, 0.9997790366411209, 0.9997789698839188, 0.999805828332901, 0.9997928202152252, 0.9997728300094605, 0.9998003113269806, 0.9997646057605744, 0.9997958475351334, 0.9997212964296341], [0.9998034274578095, 0.9998114931583405, 0.9997809761762619, 0.9997970074415207, 0.9997998249530792, 0.9998086613416671, 0.9998077523708343, 0.9997763097286224, 0.9997696989774704, 0.9998097211122513], [0.9964231073856353, 0.9903696125745773, 0.9998041880130768, 0.9997876453399658, 0.9997963017225265, 0.9997934687137604, 0.9997893142700195, 0.9997807961702346, 0.9997866106033325, 0.9997943711280822], [0.999773218035698, 0.9997925597429276, 0.9998054200410843, 0.9997881358861923, 0.9997824627161026, 0.9998099023103714, 0.9997999387979507, 0.9997888141870499, 0.9941153770685196, 0.9998045283555984], [0.999797968864441, 0.9997970861196518, 0.9997933262586594, 0.9997895520925522, 0.9998035109043122, 0.9997862321138382, 0.9997935980558396, 0.9921818190813064, 0.9997980880737305, 0.9998106962442398], [0.9997983604669571, 0.9997954171895981, 0.9997861593961715, 0.9998014211654663, 0.9997892487049103, 0.999793735742569, 0.9998048025369645, 0.9997879749536515, 0.9998070323467254, 0.9997879308462143], [0.9997952914237976, 0.9997847843170166, 0.9997994112968445, 0.9997988432645798, 0.9998002994060516, 0.9997938966751099, 0.9997819954156876, 0.9998050278425217, 0.9998049557209014, 0.9998025292158127]], "first_names": ["Emma", "Olivia", "Sophia", "Ava", "Isabella", "Mia", "Abigail", "Emily", "Charlotte", "Harper", "Noah", "Liam", "Mason", "Jacob", "William", "Ethan", "James", "Alexander", "Michael", "Benjamin"], "score_per_last_name": [[0.9998023271560669, 0.9997966015338897, 0.9997943145036697, 0.9997974109649658, 0.9997985404729843, 0.9998072403669357, 0.9998142391443252, 0.9997932159900665, 0.9998172211647034, 0.999792754650116, 0.999793906211853, 0.9997482669353485, 0.9997269099950791, 0.9998108845949173, 0.9998034274578095, 0.9964231073856353, 0.999773218035698, 0.999797968864441, 0.9997983604669571, 0.9997952914237976], [0.9997950792312622, 0.9997860640287399, 0.999790506362915, 0.9998041731119156, 0.999792966246605, 0.9997989898920059, 0.9997782099246979, 0.9899341815710068, 0.9997931587696075, 0.9997994667291641, 0.999795269370079, 0.9997916990518569, 0.9998055094480515, 0.9997790366411209, 0.9998114931583405, 0.9903696125745773, 0.9997925597429276, 0.9997970861196518, 0.9997954171895981, 0.9997847843170166], [0.9998052561283112, 0.999800323843956, 0.9998052781820297, 0.9997917103767395, 0.9997972452640533, 0.9901051622629166, 0.9997895753383637, 0.9998166114091873, 0.991518440246582, 0.9997982358932496, 0.9997059732675553, 0.9998009884357453, 0.9993804460763931, 0.9997789698839188, 0.9997809761762619, 0.9998041880130768, 0.9998054200410843, 0.9997933262586594, 0.9997861593961715, 0.9997994112968445], [0.9997906517982483, 0.9997977262735367, 0.9998077178001403, 0.9997805136442185, 0.9997950130701065, 0.9997903019189834, 0.9998007273674011, 0.9997927272319793, 0.9998191213607788, 0.9997825789451599, 0.9997917115688324, 0.9997763985395431, 0.9998035132884979, 0.999805828332901, 0.9997970074415207, 0.9997876453399658, 0.9997881358861923, 0.9997895520925522, 0.9998014211654663, 0.9997988432645798], [0.9998037445545197, 0.9997997045516968, 0.9998029869794846, 0.9998037797212601, 0.9998184883594513, 0.9997943729162216, 0.9997934657335281, 0.9997980159521103, 0.9997957193851471, 0.9998139297962189, 0.9997864878177642, 0.9998025816679, 0.9997930312156678, 0.9997928202152252, 0.9997998249530792, 0.9997963017225265, 0.9997824627161026, 0.9998035109043122, 0.9997892487049103, 0.9998002994060516], [0.9997719311714173, 0.9997954833507537, 0.9997959977388382, 0.9998029774427414, 0.9998114001750946, 0.9997902065515518, 0.9998206806182861, 0.9998130315542221, 0.999805697798729, 0.999800780415535, 0.9997836077213287, 0.9997990560531617, 0.999796342253685, 0.9997728300094605, 0.9998086613416671, 0.9997934687137604, 0.9998099023103714, 0.9997862321138382, 0.999793735742569, 0.9997938966751099], [0.9997928041219711, 0.9998140972852707, 0.9998099398612976, 0.9998107498884201, 0.9998024296760559, 0.9998043608665467, 0.9997820919752121, 0.9998010605573654, 0.9998086673021317, 0.9997959101200103, 0.9997866827249527, 0.9997983688116073, 0.9997849869728088, 0.9998003113269806, 0.9998077523708343, 0.9997893142700195, 0.9997999387979507, 0.9997935980558396, 0.9998048025369645, 0.9997819954156876], [0.9997644776105881, 0.9997919273376464, 0.9997828501462936, 0.9997708147764206, 0.999784300327301, 0.9997920244932175, 0.9997805112600326, 0.9997151094675064, 0.9997903943061829, 0.9997937840223312, 0.9997837936878204, 0.9914839231967926, 0.9997909182310104, 0.9997646057605744, 0.9997763097286224, 0.9997807961702346, 0.9997888141870499, 0.9921818190813064, 0.9997879749536515, 0.9998050278425217], [0.9997955471277237, 0.999788453578949, 0.9998023062944412, 0.999797077178955, 0.9997862404584885, 0.999786222577095, 0.9998140978813171, 0.9998136061429977, 0.9998225206136704, 0.9997971612215042, 0.9997845017910003, 0.9997987878322602, 0.9997761464118957, 0.9997958475351334, 0.9997696989774704, 0.9997866106033325, 0.9941153770685196, 0.9997980880737305, 0.9998070323467254, 0.9998049557209014], [0.9997915452718735, 0.9997850531339645, 0.9997953909635544, 0.9997550201416016, 0.9997991436719894, 0.9997675079107284, 0.9998068308830261, 0.9998065048456192, 0.9998103094100952, 0.9997963279485702, 0.9997977149486542, 0.9997719603776932, 0.999794437289238, 0.9997212964296341, 0.9998097211122513, 0.9997943711280822, 0.9998045283555984, 0.9998106962442398, 0.9997879308462143, 0.9998025292158127]], "last_names": ["Smith", "Johnson", "Williams", "Brown", "Jones", "Garcia", "Miller", "Davis", "Rodriguez", "Martinez"], "female_scores": [0.9998023271560669, 0.9997950792312622, 0.9998052561283112, 0.9997906517982483, 0.9998037445545197, 0.9997719311714173, 0.9997928041219711, 0.9997644776105881, 0.9997955471277237, 0.9997915452718735, 0.9997966015338897, 0.9997860640287399, 0.999800323843956, 0.9997977262735367, 0.9997997045516968, 0.9997954833507537, 0.9998140972852707, 0.9997919273376464, 0.999788453578949, 0.9997850531339645, 0.9997943145036697, 0.999790506362915, 0.9998052781820297, 0.9998077178001403, 0.9998029869794846, 0.9997959977388382, 0.9998099398612976, 0.9997828501462936, 0.9998023062944412, 0.9997953909635544, 0.9997974109649658, 0.9998041731119156, 0.9997917103767395, 0.9997805136442185, 0.9998037797212601, 0.9998029774427414, 0.9998107498884201, 0.9997708147764206, 0.999797077178955, 0.9997550201416016, 0.9997985404729843, 0.999792966246605, 0.9997972452640533, 0.9997950130701065, 0.9998184883594513, 0.9998114001750946, 0.9998024296760559, 0.999784300327301, 0.9997862404584885, 0.9997991436719894, 0.9998072403669357, 0.9997989898920059, 0.9901051622629166, 0.9997903019189834, 0.9997943729162216, 0.9997902065515518, 0.9998043608665467, 0.9997920244932175, 0.999786222577095, 0.9997675079107284, 0.9998142391443252, 0.9997782099246979, 0.9997895753383637, 0.9998007273674011, 0.9997934657335281, 0.9998206806182861, 0.9997820919752121, 0.9997805112600326, 0.9998140978813171, 0.9998068308830261, 0.9997932159900665, 0.9899341815710068, 0.9998166114091873, 0.9997927272319793, 0.9997980159521103, 0.9998130315542221, 0.9998010605573654, 0.9997151094675064, 0.9998136061429977, 0.9998065048456192, 0.9998172211647034, 0.9997931587696075, 0.991518440246582, 0.9998191213607788, 0.9997957193851471, 0.999805697798729, 0.9998086673021317, 0.9997903943061829, 0.9998225206136704, 0.9998103094100952, 0.999792754650116, 0.9997994667291641, 0.9997982358932496, 0.9997825789451599, 0.9998139297962189, 0.999800780415535, 0.9997959101200103, 0.9997937840223312, 0.9997971612215042, 0.9997963279485702], "male_scores": [0.999793906211853, 0.999795269370079, 0.9997059732675553, 0.9997917115688324, 0.9997864878177642, 0.9997836077213287, 0.9997866827249527, 0.9997837936878204, 0.9997845017910003, 0.9997977149486542, 0.9997482669353485, 0.9997916990518569, 0.9998009884357453, 0.9997763985395431, 0.9998025816679, 0.9997990560531617, 0.9997983688116073, 0.9914839231967926, 0.9997987878322602, 0.9997719603776932, 0.9997269099950791, 0.9998055094480515, 0.9993804460763931, 0.9998035132884979, 0.9997930312156678, 0.999796342253685, 0.9997849869728088, 0.9997909182310104, 0.9997761464118957, 0.999794437289238, 0.9998108845949173, 0.9997790366411209, 0.9997789698839188, 0.999805828332901, 0.9997928202152252, 0.9997728300094605, 0.9998003113269806, 0.9997646057605744, 0.9997958475351334, 0.9997212964296341, 0.9998034274578095, 0.9998114931583405, 0.9997809761762619, 0.9997970074415207, 0.9997998249530792, 0.9998086613416671, 0.9998077523708343, 0.9997763097286224, 0.9997696989774704, 0.9998097211122513, 0.9964231073856353, 0.9903696125745773, 0.9998041880130768, 0.9997876453399658, 0.9997963017225265, 0.9997934687137604, 0.9997893142700195, 0.9997807961702346, 0.9997866106033325, 0.9997943711280822, 0.999773218035698, 0.9997925597429276, 0.9998054200410843, 0.9997881358861923, 0.9997824627161026, 0.9998099023103714, 0.9997999387979507, 0.9997888141870499, 0.9941153770685196, 0.9998045283555984, 0.999797968864441, 0.9997970861196518, 0.9997933262586594, 0.9997895520925522, 0.9998035109043122, 0.9997862321138382, 0.9997935980558396, 0.9921818190813064, 0.9997980880737305, 0.9998106962442398, 0.9997983604669571, 0.9997954171895981, 0.9997861593961715, 0.9998014211654663, 0.9997892487049103, 0.999793735742569, 0.9998048025369645, 0.9997879749536515, 0.9998070323467254, 0.9997879308462143, 0.9997952914237976, 0.9997847843170166, 0.9997994112968445, 0.9997988432645798, 0.9998002994060516, 0.9997938966751099, 0.9997819954156876, 0.9998050278425217, 0.9998049557209014, 0.9998025292158127]}