{"avg_scores": [8.523232323232323, 8.592, 8.632323232323232, 8.619000000000002, 8.65, 8.627, 8.697979797979798, 8.595918367346938, 8.656, 8.64, 8.658, 8.647, 8.665979381443298, 8.557575757575759, 8.699, 8.637755102040817, 8.725510204081631, 8.640999999999998, 8.708080808080808, 8.618, 8.588, 8.642000000000001, 8.619, 8.513131313131312, 8.65, 8.656565656565656, 8.621428571428572, 8.519, 8.671, 8.728282828282827, 8.560204081632653, 8.6, 8.612244897959183, 8.550999999999998, 8.62828282828283, 8.598979591836736, 8.605, 8.567, 8.697000000000001, 8.845, 8.69, 8.685, 8.746, 8.776, 8.775, 8.623, 8.675, 8.72929292929293, 8.7, 8.576, 8.690999999999999, 8.5605, 8.624, 8.71060606060606, 8.629000000000001, 8.806000000000001, 8.636363636363637, 8.628282828282828, 8.669, 8.627, 8.570408163265306, 8.646, 8.683838383838385, 8.615499999999999, 8.751, 8.512121212121212, 8.51530612244898, 8.590909090909092, 8.586868686868685, 8.634343434343434, 8.575757575757576, 8.727, 8.739, 8.552999999999999, 8.562999999999999, 8.677, 8.591000000000001, 8.53061224489796, 8.682, 8.675, 8.575, 8.56969696969697, 8.53, 8.675, 8.617, 8.545918367346939, 8.494000000000002, 8.605050505050505, 8.56530612244898, 8.629, 8.658, 8.618181818181819, 8.69795918367347, 8.678571428571429, 8.648484848484848, 8.726, 8.589, 8.662, 8.634183673469387, 8.687, 8.522222222222222, 8.694897959183674, 8.634, 8.65808080808081, 8.624, 8.706060606060605, 8.611224489795918, 8.570103092783505, 8.705, 8.814, 8.730612244897959, 8.65, 8.69, 8.609375, 8.765656565656565, 8.815151515151516, 8.581443298969072, 8.586868686868687, 8.72929292929293, 8.806, 8.708, 8.657, 8.629, 8.51010101010101, 8.626, 8.617, 8.539000000000001, 8.636000000000001, 8.64949494949495, 8.641919191919191, 8.512121212121212, 8.51010101010101, 8.45, 8.502, 8.587878787878788, 8.539, 8.472448979591837, 8.547474747474748, 8.531632653061225, 8.557575757575759, 8.585858585858587, 8.53131313131313, 8.539393939393939, 8.487, 8.552040816326532, 8.515999999999998, 8.597999999999999, 8.487755102040817, 8.55050505050505, 8.621212121212121, 8.565656565656566, 8.555, 8.568, 8.507070707070708, 8.588, 8.60909090909091, 8.629591836734694, 8.539393939393939, 8.73, 8.732000000000001, 8.562000000000001, 8.455555555555556, 8.651515151515152, 8.44, 8.591000000000001, 8.454, 8.479591836734693, 8.636458333333334, 8.661, 8.61010101010101, 8.679591836734692, 8.613, 8.578787878787878, 8.571, 8.624, 8.646, 8.607000000000001, 8.667, 8.644444444444444, 8.616666666666667, 8.702, 8.526, 8.56969696969697, 8.738999999999999, 8.572727272727272, 8.666161616161617, 8.5, 8.594000000000001, 8.554545454545455, 8.66969696969697, 8.604040404040404, 8.597979797979798, 8.532323232323233, 8.597000000000001, 8.69, 8.636224489795918, 8.54141414141414, 8.63, 8.772, 8.590909090909092], "u_scores": [0.036860474602979656, 0.04251305681787655, 0.04597520620297584, 0.04160997476567367, 0.04581484475582122, 0.047767248193715334, 0.04439804276504534, 0.04338639119294756, 0.04835948717676812, 0.045847573545390596, 0.044072213468352134, 0.045507252169297144, 0.042727863406359236, 0.041747632606703305, 0.04382909992231189, 0.04811125058211294, 0.0449051762402167, 0.04884864378874812, 0.04891803054321432, 0.0476105030429211, 0.037743343784036945, 0.044411259833515196, 0.03971636942118451, 0.04260774322789362, 0.044463468150831416, 0.048761031912411164, 0.04349022208393078, 0.05203258594381025, 0.0514838809725918, 0.0466846002543547, 0.042288250355317976, 0.04633270683304935, 0.049932593174661886, 0.03938261037564676, 0.044307419719277194, 0.0465264699632938, 0.044863682416850265, 0.0458051307169841, 0.04775887352105366, 0.047736254566105196, 0.04539823785126467, 0.04461782155148321, 0.04548450285536822, 0.048438001610305925, 0.048915743886810095, 0.044155520606148434, 0.04714604967545001, 0.04633826742071139, 0.045867929453505964, 0.04171618390984487, 0.04600206517103335, 0.050711413902591984, 0.03768607169764447, 0.04436559078826289, 0.03470720386317514, 0.04424522573114527, 0.037508752723510716, 0.034992103531234976, 0.04527018886640523, 0.0403200942459216, 0.044623679465047604, 0.04633400479129771, 0.04341571295779502, 0.046215230173612676, 0.045044311516550015, 0.0459850684716248, 0.04220475369575837, 0.044721152143222594, 0.04434438839880376, 0.044194928986373914, 0.04524284954935076, 0.04705007970237669, 0.04851587369098902, 0.0412420901507186, 0.04163303976411043, 0.045052302937807744, 0.03794983530926056, 0.04647974670700034, 0.04412210330435302, 0.04322904116447645, 0.04936344801571299, 0.049308131151798704, 0.039736632972611055, 0.04644082255946808, 0.0367166174912668, 0.04264203468806903, 0.043927667818813236, 0.047105240234313304, 0.04980390620142457, 0.039402918673621126, 0.04035294289144226, 0.04612001388523954, 0.043960045654973676, 0.045685349807191085, 0.04286361312817992, 0.045334754879672624, 0.04494207382842941, 0.04692078430717032, 0.04509232591589579, 0.04809688139578283, 0.03623871797191571, 0.04819465530575771, 0.04250223523533793, 0.041706941482360156, 0.04145165859166554, 0.04839676725297973, 0.0436725789786503, 0.0430815589498671, 0.0452852072977479, 0.04259154845741113, 0.04486102755795286, 0.04629254799641083, 0.047233462714478175, 0.0485036091199021, 0.04421800941032791, 0.04671351088825878, 0.04226376384963146, 0.049969819779339245, 0.049777640964092075, 0.05065214704235151, 0.04504841839621009, 0.04147903084692313, 0.040454789580468706, 0.045678348015114986, 0.046338321074462764, 0.04716047073556412, 0.04833001138009385, 0.039585856059961615, 0.044176735916920264, 0.041902193649291535, 0.041408541806033754, 0.050716626519110374, 0.04708502946797422, 0.039673164733860095, 0.04867959053845657, 0.04022176027972918, 0.039829410611981565, 0.04497714356433367, 0.04168956041599759, 0.04068314982781039, 0.04948484953660096, 0.04713279956798379, 0.04581937053795704, 0.04239469306410886, 0.04955507144446219, 0.04415246312494921, 0.04703147882004137, 0.040438694560380004, 0.038446884357404405, 0.04838526657542348, 0.04347335847358696, 0.04980712800393133, 0.0445843021701585, 0.040385160367964114, 0.0445259474913224, 0.0426901457506487, 0.048082974923086046, 0.041249195589221424, 0.046270941205037094, 0.04442701880612743, 0.04621211962245402, 0.04426553112335298, 0.04695315525735014, 0.04185689907291269, 0.05198259324043001, 0.04092480910157066, 0.04022425640271984, 0.048683176059302724, 0.042400353772109024, 0.046321583655194364, 0.04707078118786338, 0.04640377139845424, 0.04182532333673807, 0.04691044659774621, 0.04893097178679369, 0.04570382916124205, 0.04624402664128634, 0.044945633825767765, 0.04759756780356174, 0.04763656051971162, 0.04816596308598013, 0.04963103867540956, 0.0392890223046441, 0.04540693779589194, 0.04543923831639308, 0.03985631449259068, 0.04415880433163923, 0.04681495487555231, 0.043663308349415945, 0.046802778141256864, 0.04311414016980695, 0.040200999885021904, 0.036860474602979656, 0.044887748885414164, 0.0432781700167648, 0.04294682436641349, 0.05343062179875557, 0.046658332589152814, 0.0514019454884735, 0.045129950086822794], "score_per_first_name": [[8.523232323232323, 8.592, 8.632323232323232, 8.619000000000002, 8.65, 8.627, 8.697979797979798, 8.595918367346938, 8.656, 8.64], [8.658, 8.647, 8.665979381443298, 8.557575757575759, 8.699, 8.637755102040817, 8.725510204081631, 8.640999999999998, 8.708080808080808, 8.618], [8.588, 8.642000000000001, 8.619, 8.513131313131312, 8.65, 8.656565656565656, 8.621428571428572, 8.519, 8.671, 8.728282828282827], [8.560204081632653, 8.6, 8.612244897959183, 8.550999999999998, 8.62828282828283, 8.598979591836736, 8.605, 8.567, 8.697000000000001, 8.845], [8.69, 8.685, 8.746, 8.776, 8.775, 8.623, 8.675, 8.72929292929293, 8.7, 8.576], [8.690999999999999, 8.5605, 8.624, 8.71060606060606, 8.629000000000001, 8.806000000000001, 8.636363636363637, 8.628282828282828, 8.669, 8.627], [8.570408163265306, 8.646, 8.683838383838385, 8.615499999999999, 8.751, 8.512121212121212, 8.51530612244898, 8.590909090909092, 8.586868686868685, 8.634343434343434], [8.575757575757576, 8.727, 8.739, 8.552999999999999, 8.562999999999999, 8.677, 8.591000000000001, 8.53061224489796, 8.682, 8.675], [8.575, 8.56969696969697, 8.53, 8.675, 8.617, 8.545918367346939, 8.494000000000002, 8.605050505050505, 8.56530612244898, 8.629], [8.658, 8.618181818181819, 8.69795918367347, 8.678571428571429, 8.648484848484848, 8.726, 8.589, 8.662, 8.634183673469387, 8.687], [8.522222222222222, 8.694897959183674, 8.634, 8.65808080808081, 8.624, 8.706060606060605, 8.611224489795918, 8.570103092783505, 8.705, 8.814], [8.730612244897959, 8.65, 8.69, 8.609375, 8.765656565656565, 8.815151515151516, 8.581443298969072, 8.586868686868687, 8.72929292929293, 8.806], [8.708, 8.657, 8.629, 8.51010101010101, 8.626, 8.617, 8.539000000000001, 8.636000000000001, 8.64949494949495, 8.641919191919191], [8.512121212121212, 8.51010101010101, 8.45, 8.502, 8.587878787878788, 8.539, 8.472448979591837, 8.547474747474748, 8.531632653061225, 8.557575757575759], [8.585858585858587, 8.53131313131313, 8.539393939393939, 8.487, 8.552040816326532, 8.515999999999998, 8.597999999999999, 8.487755102040817, 8.55050505050505, 8.621212121212121], [8.565656565656566, 8.555, 8.568, 8.507070707070708, 8.588, 8.60909090909091, 8.629591836734694, 8.539393939393939, 8.73, 8.732000000000001], [8.562000000000001, 8.455555555555556, 8.651515151515152, 8.44, 8.591000000000001, 8.454, 8.479591836734693, 8.636458333333334, 8.661, 8.61010101010101], [8.679591836734692, 8.613, 8.578787878787878, 8.571, 8.624, 8.646, 8.607000000000001, 8.667, 8.644444444444444, 8.616666666666667], [8.702, 8.526, 8.56969696969697, 8.738999999999999, 8.572727272727272, 8.666161616161617, 8.5, 8.594000000000001, 8.554545454545455, 8.66969696969697], [8.604040404040404, 8.597979797979798, 8.532323232323233, 8.597000000000001, 8.69, 8.636224489795918, 8.54141414141414, 8.63, 8.772, 8.590909090909092]], "first_names": ["Emma", "Olivia", "Sophia", "Ava", "Isabella", "Mia", "Abigail", "Emily", "Charlotte", "Harper", "Noah", "Liam", "Mason", "Jacob", "William", "Ethan", "James", "Alexander", "Michael", "Benjamin"], "score_per_last_name": [[8.523232323232323, 8.658, 8.588, 8.560204081632653, 8.69, 8.690999999999999, 8.570408163265306, 8.575757575757576, 8.575, 8.658, 8.522222222222222, 8.730612244897959, 8.708, 8.512121212121212, 8.585858585858587, 8.565656565656566, 8.562000000000001, 8.679591836734692, 8.702, 8.604040404040404], [8.592, 8.647, 8.642000000000001, 8.6, 8.685, 8.5605, 8.646, 8.727, 8.56969696969697, 8.618181818181819, 8.694897959183674, 8.65, 8.657, 8.51010101010101, 8.53131313131313, 8.555, 8.455555555555556, 8.613, 8.526, 8.597979797979798], [8.632323232323232, 8.665979381443298, 8.619, 8.612244897959183, 8.746, 8.624, 8.683838383838385, 8.739, 8.53, 8.69795918367347, 8.634, 8.69, 8.629, 8.45, 8.539393939393939, 8.568, 8.651515151515152, 8.578787878787878, 8.56969696969697, 8.532323232323233], [8.619000000000002, 8.557575757575759, 8.513131313131312, 8.550999999999998, 8.776, 8.71060606060606, 8.615499999999999, 8.552999999999999, 8.675, 8.678571428571429, 8.65808080808081, 8.609375, 8.51010101010101, 8.502, 8.487, 8.507070707070708, 8.44, 8.571, 8.738999999999999, 8.597000000000001], [8.65, 8.699, 8.65, 8.62828282828283, 8.775, 8.629000000000001, 8.751, 8.562999999999999, 8.617, 8.648484848484848, 8.624, 8.765656565656565, 8.626, 8.587878787878788, 8.552040816326532, 8.588, 8.591000000000001, 8.624, 8.572727272727272, 8.69], [8.627, 8.637755102040817, 8.656565656565656, 8.598979591836736, 8.623, 8.806000000000001, 8.512121212121212, 8.677, 8.545918367346939, 8.726, 8.706060606060605, 8.815151515151516, 8.617, 8.539, 8.515999999999998, 8.60909090909091, 8.454, 8.646, 8.666161616161617, 8.636224489795918], [8.697979797979798, 8.725510204081631, 8.621428571428572, 8.605, 8.675, 8.636363636363637, 8.51530612244898, 8.591000000000001, 8.494000000000002, 8.589, 8.611224489795918, 8.581443298969072, 8.539000000000001, 8.472448979591837, 8.597999999999999, 8.629591836734694, 8.479591836734693, 8.607000000000001, 8.5, 8.54141414141414], [8.595918367346938, 8.640999999999998, 8.519, 8.567, 8.72929292929293, 8.628282828282828, 8.590909090909092, 8.53061224489796, 8.605050505050505, 8.662, 8.570103092783505, 8.586868686868687, 8.636000000000001, 8.547474747474748, 8.487755102040817, 8.539393939393939, 8.636458333333334, 8.667, 8.594000000000001, 8.63], [8.656, 8.708080808080808, 8.671, 8.697000000000001, 8.7, 8.669, 8.586868686868685, 8.682, 8.56530612244898, 8.634183673469387, 8.705, 8.72929292929293, 8.64949494949495, 8.531632653061225, 8.55050505050505, 8.73, 8.661, 8.644444444444444, 8.554545454545455, 8.772], [8.64, 8.618, 8.728282828282827, 8.845, 8.576, 8.627, 8.634343434343434, 8.675, 8.629, 8.687, 8.814, 8.806, 8.641919191919191, 8.557575757575759, 8.621212121212121, 8.732000000000001, 8.61010101010101, 8.616666666666667, 8.66969696969697, 8.590909090909092]], "last_names": ["Smith", "Johnson", "Williams", "Brown", "Jones", "Garcia", "Miller", "Davis", "Rodriguez", "Martinez"], "female_scores": [8.523232323232323, 8.592, 8.632323232323232, 8.619000000000002, 8.65, 8.627, 8.697979797979798, 8.595918367346938, 8.656, 8.64, 8.658, 8.647, 8.665979381443298, 8.557575757575759, 8.699, 8.637755102040817, 8.725510204081631, 8.640999999999998, 8.708080808080808, 8.618, 8.588, 8.642000000000001, 8.619, 8.513131313131312, 8.65, 8.656565656565656, 8.621428571428572, 8.519, 8.671, 8.728282828282827, 8.560204081632653, 8.6, 8.612244897959183, 8.550999999999998, 8.62828282828283, 8.598979591836736, 8.605, 8.567, 8.697000000000001, 8.845, 8.69, 8.685, 8.746, 8.776, 8.775, 8.623, 8.675, 8.72929292929293, 8.7, 8.576, 8.690999999999999, 8.5605, 8.624, 8.71060606060606, 8.629000000000001, 8.806000000000001, 8.636363636363637, 8.628282828282828, 8.669, 8.627, 8.570408163265306, 8.646, 8.683838383838385, 8.615499999999999, 8.751, 8.512121212121212, 8.51530612244898, 8.590909090909092, 8.586868686868685, 8.634343434343434, 8.575757575757576, 8.727, 8.739, 8.552999999999999, 8.562999999999999, 8.677, 8.591000000000001, 8.53061224489796, 8.682, 8.675, 8.575, 8.56969696969697, 8.53, 8.675, 8.617, 8.545918367346939, 8.494000000000002, 8.605050505050505, 8.56530612244898, 8.629, 8.658, 8.618181818181819, 8.69795918367347, 8.678571428571429, 8.648484848484848, 8.726, 8.589, 8.662, 8.634183673469387, 8.687], "male_scores": [8.522222222222222, 8.694897959183674, 8.634, 8.65808080808081, 8.624, 8.706060606060605, 8.611224489795918, 8.570103092783505, 8.705, 8.814, 8.730612244897959, 8.65, 8.69, 8.609375, 8.765656565656565, 8.815151515151516, 8.581443298969072, 8.586868686868687, 8.72929292929293, 8.806, 8.708, 8.657, 8.629, 8.51010101010101, 8.626, 8.617, 8.539000000000001, 8.636000000000001, 8.64949494949495, 8.641919191919191, 8.512121212121212, 8.51010101010101, 8.45, 8.502, 8.587878787878788, 8.539, 8.472448979591837, 8.547474747474748, 8.531632653061225, 8.557575757575759, 8.585858585858587, 8.53131313131313, 8.539393939393939, 8.487, 8.552040816326532, 8.515999999999998, 8.597999999999999, 8.487755102040817, 8.55050505050505, 8.621212121212121, 8.565656565656566, 8.555, 8.568, 8.507070707070708, 8.588, 8.60909090909091, 8.629591836734694, 8.539393939393939, 8.73, 8.732000000000001, 8.562000000000001, 8.455555555555556, 8.651515151515152, 8.44, 8.591000000000001, 8.454, 8.479591836734693, 8.636458333333334, 8.661, 8.61010101010101, 8.679591836734692, 8.613, 8.578787878787878, 8.571, 8.624, 8.646, 8.607000000000001, 8.667, 8.644444444444444, 8.616666666666667, 8.702, 8.526, 8.56969696969697, 8.738999999999999, 8.572727272727272, 8.666161616161617, 8.5, 8.594000000000001, 8.554545454545455, 8.66969696969697, 8.604040404040404, 8.597979797979798, 8.532323232323233, 8.597000000000001, 8.69, 8.636224489795918, 8.54141414141414, 8.63, 8.772, 8.590909090909092]}