{"avg_scores": [0.999607155919075, 0.9996615296602249, 0.9997080892324448, 0.9996840530633926, 0.9996530574560165, 0.9996800601482392, 0.9996955817937851, 0.9996056675910949, 0.9996360194683075, 0.9996348333358764, 0.999628301858902, 0.9995694905519485, 0.9995999842882156, 0.9996729278564453, 0.9996119886636734, 0.999621508717537, 0.9996477580070495, 0.9996774685382843, 0.9996836078166962, 0.9996089136600494, 0.9996145361661911, 0.9996720784902573, 0.9996837109327317, 0.9996831232309341, 0.9996653580665589, 0.9996305280923843, 0.9996437710523606, 0.9996773207187652, 0.9996304583549499, 0.9996903359889984, 0.9995976912975312, 0.9996487373113632, 0.99966388463974, 0.999615963101387, 0.9996031820774078, 0.999597344994545, 0.9996537232398987, 0.9996695184707641, 0.9996272248029708, 0.9996839159727097, 0.9995592790842056, 0.9996269208192825, 0.999637303352356, 0.9996051877737046, 0.9996740287542343, 0.9996438640356063, 0.9996336960792541, 0.999615581035614, 0.9997311812639237, 0.9996344888210297, 0.9996587175130844, 0.9996151101589202, 0.9996643114089966, 0.9996542018651963, 0.9996564739942551, 0.9996733808517456, 0.9996918731927872, 0.9997153383493423, 0.9996619313955307, 0.9996927410364151, 0.9996231961250305, 0.9996792006492615, 0.9997227305173874, 0.999627748131752, 0.9996564567089081, 0.9996213245391846, 0.999702764749527, 0.9996673083305359, 0.9996822267770767, 0.99968206346035, 0.9996792858839035, 0.9996921253204346, 0.9997020816802978, 0.9996802806854248, 0.9996386933326721, 0.9996893149614334, 0.9996466541290283, 0.9997001284360886, 0.9996544486284256, 0.9996580356359481, 0.9996828907728195, 0.9996274584531784, 0.9996579873561859, 0.9996300959587097, 0.9996561151742935, 0.9996436458826065, 0.9996789371967316, 0.9996640652418136, 0.9996809577941894, 0.9996758645772934, 0.9996216225624085, 0.9996583819389343, 0.9996365684270859, 0.9996288275718689, 0.9996557730436325, 0.9996828919649124, 0.9996163296699524, 0.9996963858604431, 0.9996521562337876, 0.9996672105789185, 0.99967957675457, 0.9996754932403564, 0.999633297920227, 0.9996635019779205, 0.9996384811401368, 0.9997004175186157, 0.9996079868078231, 0.9996936595439911, 0.9996120381355286, 0.9996141946315765, 0.9996646296977997, 0.9996409177780151, 0.9996256923675537, 0.9996558052301406, 0.9996751093864441, 0.999675463438034, 0.9996307474374772, 0.9996704751253128, 0.9997274273633957, 0.999666514992714, 0.9996468490362167, 0.9996508276462555, 0.9996071320772171, 0.9996565634012222, 0.9996459656953811, 0.9996323114633561, 0.9996595221757889, 0.9996128451824188, 0.9996002280712127, 0.9996397221088409, 0.9995963352918625, 0.9996614068746567, 0.9996319711208344, 0.9996485728025436, 0.9996746534109116, 0.9996571815013886, 0.9996256840229034, 0.9996476525068283, 0.999703129529953, 0.9996494460105896, 0.9996667391061783, 0.999688310623169, 0.9996795523166656, 0.9996756541728974, 0.9995948833227157, 0.9996037644147873, 0.9996812003850937, 0.9996574693918228, 0.9996908605098724, 0.999640844464302, 0.9996331518888474, 0.99966970205307, 0.9995841175317765, 0.9996740531921386, 0.9997075891494751, 0.9996375262737274, 0.9996511197090149, 0.9995876860618591, 0.9996735912561416, 0.9996931368112564, 0.9996729123592377, 0.9996472173929214, 0.9996269434690476, 0.9996143370866776, 0.999677557349205, 0.999594475030899, 0.9996589136123657, 0.9996286857128144, 0.9996358144283295, 0.999645466208458, 0.999688236117363, 0.9996577447652817, 0.9996576201915741, 0.9996375840902328, 0.9996214348077774, 0.999683809876442, 0.9996086341142655, 0.999645989537239, 0.9996589970588684, 0.9996909981966019, 0.9996734791994095, 0.9996485412120819, 0.9996693700551986, 0.9996223503351211, 0.9996652245521546, 0.9996550500392913, 0.9996854466199875, 0.9996230316162109, 0.9996853536367416, 0.9995906573534011, 0.999632158279419, 0.9996818137168885, 0.9996721297502518, 0.9996144807338715, 0.9996903163194656, 0.9996713876724244, 0.9997059935331345, 0.9995998173952103, 0.9996656012535096, 0.9996852523088455], "u_scores": [2.8712614476524217e-05, 3.066995336400036e-05, 1.9383855761938736e-05, 2.0758866962840768e-05, 2.2055072063960798e-05, 2.0618087580671717e-05, 2.1312783437536502e-05, 3.293865780186042e-05, 2.8185823084055267e-05, 3.9612942978430224e-05, 2.86959786775354e-05, 6.20771262639827e-05, 2.7846280025334823e-05, 1.8060915537285612e-05, 3.646997146838326e-05, 3.511921548976427e-05, 2.978307296074264e-05, 2.222635862231894e-05, 2.323359070975156e-05, 3.63901581845987e-05, 2.47452696786828e-05, 2.1711744679556808e-05, 2.3443709420931795e-05, 1.934747739706438e-05, 2.279692423407226e-05, 5.194088762288505e-05, 5.288027540093297e-05, 2.1687353898416558e-05, 2.7161541480536258e-05, 2.2347546414193072e-05, 2.893442048334794e-05, 2.247570100991172e-05, 2.3221391430404386e-05, 2.6747733792535656e-05, 2.989711916714879e-05, 4.42826076565719e-05, 2.3736456425888703e-05, 2.545741649422219e-05, 2.5893697021023186e-05, 2.108604466285026e-05, 3.906941224169637e-05, 2.9591682179214934e-05, 5.090227477380294e-05, 3.0509820798000285e-05, 2.4017214199292696e-05, 2.238195033306388e-05, 2.5704383667654765e-05, 2.911312291822773e-05, 1.3734134181775587e-05, 3.3493414313578074e-05, 2.6736893036058164e-05, 3.4835039596912433e-05, 1.9488630027570872e-05, 2.569192155444968e-05, 2.288583095348903e-05, 2.3315705029442958e-05, 1.9510723004477293e-05, 2.4760676364363426e-05, 2.5267915181011236e-05, 1.8944551045873364e-05, 2.44589981926467e-05, 2.037079153970275e-05, 2.4302718692991708e-05, 4.160789105752968e-05, 2.4900537266500947e-05, 3.239651433196783e-05, 1.7886100816594105e-05, 2.348089624900795e-05, 2.3317046406446503e-05, 2.2065859109294057e-05, 2.8748239388113848e-05, 2.131254125949551e-05, 1.9402777839100257e-05, 2.281007259375985e-05, 3.1770649696860576e-05, 1.9694811573852946e-05, 3.088207266000151e-05, 1.885896837308456e-05, 4.370036433066846e-05, 2.689778310521554e-05, 2.2147430533067984e-05, 3.370328255592353e-05, 3.124602815771497e-05, 2.8454357837365844e-05, 2.317248903722435e-05, 2.1209784328625664e-05, 1.8740391036415972e-05, 2.2647934613412546e-05, 2.4067559512494013e-05, 2.3642659777490896e-05, 2.7065584352668385e-05, 2.4808788739070303e-05, 2.790877439030527e-05, 2.6088353248850332e-05, 2.452185235241769e-05, 2.080273810927911e-05, 2.572919595481385e-05, 1.9056628980973068e-05, 2.425547439830418e-05, 1.9402993404747797e-05, 2.174114381920488e-05, 1.8413375764442885e-05, 2.690124456515568e-05, 2.0392431646144596e-05, 1.9237968722640982e-05, 1.7319961692431976e-05, 2.834398013716291e-05, 1.6918165918343426e-05, 2.8551121959260828e-05, 2.8953968376435286e-05, 1.795443904210388e-05, 2.3319548656667358e-05, 2.2891580770999026e-05, 2.0275892719715216e-05, 2.242366634322709e-05, 2.314687303781584e-05, 4.8094111767224427e-05, 2.3217418911489273e-05, 2.3675436642562032e-05, 3.367474498373641e-05, 2.271431866631784e-05, 2.390027517445636e-05, 2.8096062938805575e-05, 2.536152361709985e-05, 2.4852405203234287e-05, 2.813672685580673e-05, 2.0545412235976248e-05, 2.6373066541347563e-05, 3.7062872239521216e-05, 2.634757510179785e-05, 2.869181461609129e-05, 1.999087886712067e-05, 3.147022208261982e-05, 3.057113619808014e-05, 2.178957717808214e-05, 2.1224162275676267e-05, 2.9450625319669584e-05, 2.0519777364271788e-05, 1.615096733546505e-05, 2.4929647385539207e-05, 2.319141552062288e-05, 2.2404854978884414e-05, 2.926035753638278e-05, 2.2224746080460964e-05, 3.66240111167697e-05, 2.611470281971403e-05, 2.401049094785339e-05, 2.735714719701039e-05, 2.292332722629412e-05, 2.7817399346039298e-05, 2.954487863429909e-05, 2.0025879750843134e-05, 3.4582452196469846e-05, 2.3285039460980637e-05, 1.4631691545318029e-05, 2.528524019748176e-05, 2.7529271900064028e-05, 3.379327912701186e-05, 2.10136267864469e-05, 1.7495566496399172e-05, 2.1029864498799056e-05, 2.4826225157956003e-05, 2.276902325758178e-05, 2.413993763880239e-05, 2.1489656897284195e-05, 4.429602626755423e-05, 2.336680758343941e-05, 2.6077592091405647e-05, 2.1232367699367515e-05, 3.1571314820090136e-05, 1.8341380335632495e-05, 2.556566503831949e-05, 2.4728054427837492e-05, 2.423893411375087e-05, 3.626968674279249e-05, 1.827284098801512e-05, 2.99154054552837e-05, 3.25278993891935e-05, 3.010584347484114e-05, 1.7362294970685834e-05, 2.0105306509201122e-05, 2.3584966741611185e-05, 3.4271563412306566e-05, 2.652054853215622e-05, 2.2239119101200827e-05, 2.6706627473561267e-05, 1.902052009057419e-05, 2.7247744585500026e-05, 2.0143398298085204e-05, 4.0461801743559296e-05, 2.298476439491796e-05, 2.0196318272123132e-05, 2.0666494349777285e-05, 2.8619031468827556e-05, 1.8666564714231297e-05, 2.6088362425751037e-05, 1.8325243202024886e-05, 4.487440077600895e-05, 2.2804007539106835e-05, 1.7108298650347196e-05], "score_per_first_name": [[0.999607155919075, 0.9996615296602249, 0.9997080892324448, 0.9996840530633926, 0.9996530574560165, 0.9996800601482392, 0.9996955817937851, 0.9996056675910949, 0.9996360194683075, 0.9996348333358764], [0.999628301858902, 0.9995694905519485, 0.9995999842882156, 0.9996729278564453, 0.9996119886636734, 0.999621508717537, 0.9996477580070495, 0.9996774685382843, 0.9996836078166962, 0.9996089136600494], [0.9996145361661911, 0.9996720784902573, 0.9996837109327317, 0.9996831232309341, 0.9996653580665589, 0.9996305280923843, 0.9996437710523606, 0.9996773207187652, 0.9996304583549499, 0.9996903359889984], [0.9995976912975312, 0.9996487373113632, 0.99966388463974, 0.999615963101387, 0.9996031820774078, 0.999597344994545, 0.9996537232398987, 0.9996695184707641, 0.9996272248029708, 0.9996839159727097], [0.9995592790842056, 0.9996269208192825, 0.999637303352356, 0.9996051877737046, 0.9996740287542343, 0.9996438640356063, 0.9996336960792541, 0.999615581035614, 0.9997311812639237, 0.9996344888210297], [0.9996587175130844, 0.9996151101589202, 0.9996643114089966, 0.9996542018651963, 0.9996564739942551, 0.9996733808517456, 0.9996918731927872, 0.9997153383493423, 0.9996619313955307, 0.9996927410364151], [0.9996231961250305, 0.9996792006492615, 0.9997227305173874, 0.999627748131752, 0.9996564567089081, 0.9996213245391846, 0.999702764749527, 0.9996673083305359, 0.9996822267770767, 0.99968206346035], [0.9996792858839035, 0.9996921253204346, 0.9997020816802978, 0.9996802806854248, 0.9996386933326721, 0.9996893149614334, 0.9996466541290283, 0.9997001284360886, 0.9996544486284256, 0.9996580356359481], [0.9996828907728195, 0.9996274584531784, 0.9996579873561859, 0.9996300959587097, 0.9996561151742935, 0.9996436458826065, 0.9996789371967316, 0.9996640652418136, 0.9996809577941894, 0.9996758645772934], [0.9996216225624085, 0.9996583819389343, 0.9996365684270859, 0.9996288275718689, 0.9996557730436325, 0.9996828919649124, 0.9996163296699524, 0.9996963858604431, 0.9996521562337876, 0.9996672105789185], [0.99967957675457, 0.9996754932403564, 0.999633297920227, 0.9996635019779205, 0.9996384811401368, 0.9997004175186157, 0.9996079868078231, 0.9996936595439911, 0.9996120381355286, 0.9996141946315765], [0.9996646296977997, 0.9996409177780151, 0.9996256923675537, 0.9996558052301406, 0.9996751093864441, 0.999675463438034, 0.9996307474374772, 0.9996704751253128, 0.9997274273633957, 0.999666514992714], [0.9996468490362167, 0.9996508276462555, 0.9996071320772171, 0.9996565634012222, 0.9996459656953811, 0.9996323114633561, 0.9996595221757889, 0.9996128451824188, 0.9996002280712127, 0.9996397221088409], [0.9995963352918625, 0.9996614068746567, 0.9996319711208344, 0.9996485728025436, 0.9996746534109116, 0.9996571815013886, 0.9996256840229034, 0.9996476525068283, 0.999703129529953, 0.9996494460105896], [0.9996667391061783, 0.999688310623169, 0.9996795523166656, 0.9996756541728974, 0.9995948833227157, 0.9996037644147873, 0.9996812003850937, 0.9996574693918228, 0.9996908605098724, 0.999640844464302], [0.9996331518888474, 0.99966970205307, 0.9995841175317765, 0.9996740531921386, 0.9997075891494751, 0.9996375262737274, 0.9996511197090149, 0.9995876860618591, 0.9996735912561416, 0.9996931368112564], [0.9996729123592377, 0.9996472173929214, 0.9996269434690476, 0.9996143370866776, 0.999677557349205, 0.999594475030899, 0.9996589136123657, 0.9996286857128144, 0.9996358144283295, 0.999645466208458], [0.999688236117363, 0.9996577447652817, 0.9996576201915741, 0.9996375840902328, 0.9996214348077774, 0.999683809876442, 0.9996086341142655, 0.999645989537239, 0.9996589970588684, 0.9996909981966019], [0.9996734791994095, 0.9996485412120819, 0.9996693700551986, 0.9996223503351211, 0.9996652245521546, 0.9996550500392913, 0.9996854466199875, 0.9996230316162109, 0.9996853536367416, 0.9995906573534011], [0.999632158279419, 0.9996818137168885, 0.9996721297502518, 0.9996144807338715, 0.9996903163194656, 0.9996713876724244, 0.9997059935331345, 0.9995998173952103, 0.9996656012535096, 0.9996852523088455]], "first_names": ["Emma", "Olivia", "Sophia", "Ava", "Isabella", "Mia", "Abigail", "Emily", "Charlotte", "Harper", "Noah", "Liam", "Mason", "Jacob", "William", "Ethan", "James", "Alexander", "Michael", "Benjamin"], "score_per_last_name": [[0.999607155919075, 0.999628301858902, 0.9996145361661911, 0.9995976912975312, 0.9995592790842056, 0.9996587175130844, 0.9996231961250305, 0.9996792858839035, 0.9996828907728195, 0.9996216225624085, 0.99967957675457, 0.9996646296977997, 0.9996468490362167, 0.9995963352918625, 0.9996667391061783, 0.9996331518888474, 0.9996729123592377, 0.999688236117363, 0.9996734791994095, 0.999632158279419], [0.9996615296602249, 0.9995694905519485, 0.9996720784902573, 0.9996487373113632, 0.9996269208192825, 0.9996151101589202, 0.9996792006492615, 0.9996921253204346, 0.9996274584531784, 0.9996583819389343, 0.9996754932403564, 0.9996409177780151, 0.9996508276462555, 0.9996614068746567, 0.999688310623169, 0.99966970205307, 0.9996472173929214, 0.9996577447652817, 0.9996485412120819, 0.9996818137168885], [0.9997080892324448, 0.9995999842882156, 0.9996837109327317, 0.99966388463974, 0.999637303352356, 0.9996643114089966, 0.9997227305173874, 0.9997020816802978, 0.9996579873561859, 0.9996365684270859, 0.999633297920227, 0.9996256923675537, 0.9996071320772171, 0.9996319711208344, 0.9996795523166656, 0.9995841175317765, 0.9996269434690476, 0.9996576201915741, 0.9996693700551986, 0.9996721297502518], [0.9996840530633926, 0.9996729278564453, 0.9996831232309341, 0.999615963101387, 0.9996051877737046, 0.9996542018651963, 0.999627748131752, 0.9996802806854248, 0.9996300959587097, 0.9996288275718689, 0.9996635019779205, 0.9996558052301406, 0.9996565634012222, 0.9996485728025436, 0.9996756541728974, 0.9996740531921386, 0.9996143370866776, 0.9996375840902328, 0.9996223503351211, 0.9996144807338715], [0.9996530574560165, 0.9996119886636734, 0.9996653580665589, 0.9996031820774078, 0.9996740287542343, 0.9996564739942551, 0.9996564567089081, 0.9996386933326721, 0.9996561151742935, 0.9996557730436325, 0.9996384811401368, 0.9996751093864441, 0.9996459656953811, 0.9996746534109116, 0.9995948833227157, 0.9997075891494751, 0.999677557349205, 0.9996214348077774, 0.9996652245521546, 0.9996903163194656], [0.9996800601482392, 0.999621508717537, 0.9996305280923843, 0.999597344994545, 0.9996438640356063, 0.9996733808517456, 0.9996213245391846, 0.9996893149614334, 0.9996436458826065, 0.9996828919649124, 0.9997004175186157, 0.999675463438034, 0.9996323114633561, 0.9996571815013886, 0.9996037644147873, 0.9996375262737274, 0.999594475030899, 0.999683809876442, 0.9996550500392913, 0.9996713876724244], [0.9996955817937851, 0.9996477580070495, 0.9996437710523606, 0.9996537232398987, 0.9996336960792541, 0.9996918731927872, 0.999702764749527, 0.9996466541290283, 0.9996789371967316, 0.9996163296699524, 0.9996079868078231, 0.9996307474374772, 0.9996595221757889, 0.9996256840229034, 0.9996812003850937, 0.9996511197090149, 0.9996589136123657, 0.9996086341142655, 0.9996854466199875, 0.9997059935331345], [0.9996056675910949, 0.9996774685382843, 0.9996773207187652, 0.9996695184707641, 0.999615581035614, 0.9997153383493423, 0.9996673083305359, 0.9997001284360886, 0.9996640652418136, 0.9996963858604431, 0.9996936595439911, 0.9996704751253128, 0.9996128451824188, 0.9996476525068283, 0.9996574693918228, 0.9995876860618591, 0.9996286857128144, 0.999645989537239, 0.9996230316162109, 0.9995998173952103], [0.9996360194683075, 0.9996836078166962, 0.9996304583549499, 0.9996272248029708, 0.9997311812639237, 0.9996619313955307, 0.9996822267770767, 0.9996544486284256, 0.9996809577941894, 0.9996521562337876, 0.9996120381355286, 0.9997274273633957, 0.9996002280712127, 0.999703129529953, 0.9996908605098724, 0.9996735912561416, 0.9996358144283295, 0.9996589970588684, 0.9996853536367416, 0.9996656012535096], [0.9996348333358764, 0.9996089136600494, 0.9996903359889984, 0.9996839159727097, 0.9996344888210297, 0.9996927410364151, 0.99968206346035, 0.9996580356359481, 0.9996758645772934, 0.9996672105789185, 0.9996141946315765, 0.999666514992714, 0.9996397221088409, 0.9996494460105896, 0.999640844464302, 0.9996931368112564, 0.999645466208458, 0.9996909981966019, 0.9995906573534011, 0.9996852523088455]], "last_names": ["Smith", "Johnson", "Williams", "Brown", "Jones", "Garcia", "Miller", "Davis", "Rodriguez", "Martinez"], "female_scores": [0.999607155919075, 0.9996615296602249, 0.9997080892324448, 0.9996840530633926, 0.9996530574560165, 0.9996800601482392, 0.9996955817937851, 0.9996056675910949, 0.9996360194683075, 0.9996348333358764, 0.999628301858902, 0.9995694905519485, 0.9995999842882156, 0.9996729278564453, 0.9996119886636734, 0.999621508717537, 0.9996477580070495, 0.9996774685382843, 0.9996836078166962, 0.9996089136600494, 0.9996145361661911, 0.9996720784902573, 0.9996837109327317, 0.9996831232309341, 0.9996653580665589, 0.9996305280923843, 0.9996437710523606, 0.9996773207187652, 0.9996304583549499, 0.9996903359889984, 0.9995976912975312, 0.9996487373113632, 0.99966388463974, 0.999615963101387, 0.9996031820774078, 0.999597344994545, 0.9996537232398987, 0.9996695184707641, 0.9996272248029708, 0.9996839159727097, 0.9995592790842056, 0.9996269208192825, 0.999637303352356, 0.9996051877737046, 0.9996740287542343, 0.9996438640356063, 0.9996336960792541, 0.999615581035614, 0.9997311812639237, 0.9996344888210297, 0.9996587175130844, 0.9996151101589202, 0.9996643114089966, 0.9996542018651963, 0.9996564739942551, 0.9996733808517456, 0.9996918731927872, 0.9997153383493423, 0.9996619313955307, 0.9996927410364151, 0.9996231961250305, 0.9996792006492615, 0.9997227305173874, 0.999627748131752, 0.9996564567089081, 0.9996213245391846, 0.999702764749527, 0.9996673083305359, 0.9996822267770767, 0.99968206346035, 0.9996792858839035, 0.9996921253204346, 0.9997020816802978, 0.9996802806854248, 0.9996386933326721, 0.9996893149614334, 0.9996466541290283, 0.9997001284360886, 0.9996544486284256, 0.9996580356359481, 0.9996828907728195, 0.9996274584531784, 0.9996579873561859, 0.9996300959587097, 0.9996561151742935, 0.9996436458826065, 0.9996789371967316, 0.9996640652418136, 0.9996809577941894, 0.9996758645772934, 0.9996216225624085, 0.9996583819389343, 0.9996365684270859, 0.9996288275718689, 0.9996557730436325, 0.9996828919649124, 0.9996163296699524, 0.9996963858604431, 0.9996521562337876, 0.9996672105789185], "male_scores": [0.99967957675457, 0.9996754932403564, 0.999633297920227, 0.9996635019779205, 0.9996384811401368, 0.9997004175186157, 0.9996079868078231, 0.9996936595439911, 0.9996120381355286, 0.9996141946315765, 0.9996646296977997, 0.9996409177780151, 0.9996256923675537, 0.9996558052301406, 0.9996751093864441, 0.999675463438034, 0.9996307474374772, 0.9996704751253128, 0.9997274273633957, 0.999666514992714, 0.9996468490362167, 0.9996508276462555, 0.9996071320772171, 0.9996565634012222, 0.9996459656953811, 0.9996323114633561, 0.9996595221757889, 0.9996128451824188, 0.9996002280712127, 0.9996397221088409, 0.9995963352918625, 0.9996614068746567, 0.9996319711208344, 0.9996485728025436, 0.9996746534109116, 0.9996571815013886, 0.9996256840229034, 0.9996476525068283, 0.999703129529953, 0.9996494460105896, 0.9996667391061783, 0.999688310623169, 0.9996795523166656, 0.9996756541728974, 0.9995948833227157, 0.9996037644147873, 0.9996812003850937, 0.9996574693918228, 0.9996908605098724, 0.999640844464302, 0.9996331518888474, 0.99966970205307, 0.9995841175317765, 0.9996740531921386, 0.9997075891494751, 0.9996375262737274, 0.9996511197090149, 0.9995876860618591, 0.9996735912561416, 0.9996931368112564, 0.9996729123592377, 0.9996472173929214, 0.9996269434690476, 0.9996143370866776, 0.999677557349205, 0.999594475030899, 0.9996589136123657, 0.9996286857128144, 0.9996358144283295, 0.999645466208458, 0.999688236117363, 0.9996577447652817, 0.9996576201915741, 0.9996375840902328, 0.9996214348077774, 0.999683809876442, 0.9996086341142655, 0.999645989537239, 0.9996589970588684, 0.9996909981966019, 0.9996734791994095, 0.9996485412120819, 0.9996693700551986, 0.9996223503351211, 0.9996652245521546, 0.9996550500392913, 0.9996854466199875, 0.9996230316162109, 0.9996853536367416, 0.9995906573534011, 0.999632158279419, 0.9996818137168885, 0.9996721297502518, 0.9996144807338715, 0.9996903163194656, 0.9996713876724244, 0.9997059935331345, 0.9995998173952103, 0.9996656012535096, 0.9996852523088455]}