{"avg_scores": [0.8523232323232323, 0.8591999999999997, 0.8632323232323234, 0.8619, 0.8649999999999999, 0.8626999999999999, 0.8697979797979798, 0.8595918367346939, 0.8655999999999999, 0.8639999999999999, 0.8657999999999998, 0.8646999999999998, 0.8665979381443297, 0.8557575757575756, 0.8698999999999999, 0.8637755102040817, 0.8725510204081631, 0.8640999999999999, 0.8708080808080807, 0.8617999999999999, 0.8587999999999998, 0.8641999999999999, 0.8618999999999997, 0.8513131313131314, 0.8649999999999999, 0.8656565656565656, 0.8621428571428571, 0.8518999999999997, 0.8670999999999998, 0.8728282828282826, 0.856020408163265, 0.8599999999999998, 0.8612244897959185, 0.8550999999999999, 0.8628282828282828, 0.8598979591836733, 0.8604999999999998, 0.8566999999999997, 0.8697, 0.8844999999999998, 0.8689999999999998, 0.8685, 0.8745999999999998, 0.8775999999999997, 0.8775, 0.8622999999999997, 0.8674999999999998, 0.8729292929292928, 0.87, 0.8575999999999999, 0.8691, 0.8560499999999999, 0.8623999999999998, 0.8710606060606059, 0.8628999999999997, 0.8805999999999998, 0.8636363636363635, 0.8628282828282826, 0.8668999999999998, 0.8626999999999997, 0.8570408163265304, 0.8645999999999999, 0.8683838383838384, 0.8615499999999998, 0.8750999999999998, 0.851212121212121, 0.8515306122448978, 0.8590909090909088, 0.8586868686868685, 0.8634343434343433, 0.8575757575757574, 0.8726999999999998, 0.8739000000000001, 0.8552999999999997, 0.8562999999999998, 0.8676999999999999, 0.8590999999999999, 0.8530612244897958, 0.8682000000000001, 0.8675, 0.8574999999999998, 0.8569696969696967, 0.8529999999999999, 0.8674999999999997, 0.8617, 0.8545918367346937, 0.8493999999999998, 0.8605050505050503, 0.8565306122448978, 0.8628999999999997, 0.8658, 0.8618181818181815, 0.8697959183673467, 0.8678571428571427, 0.8648484848484846, 0.8726, 0.8588999999999999, 0.8661999999999999, 0.8634183673469388, 0.8686999999999999, 0.852222222222222, 0.8694897959183673, 0.8634000000000001, 0.8658080808080806, 0.8623999999999999, 0.8706060606060605, 0.8611224489795916, 0.8570103092783503, 0.8704999999999997, 0.8813999999999999, 0.8730612244897956, 0.8649999999999999, 0.8689999999999999, 0.8609374999999998, 0.8765656565656564, 0.8815151515151516, 0.8581443298969071, 0.8586868686868686, 0.8729292929292928, 0.8805999999999998, 0.8708000000000001, 0.8657, 0.8628999999999999, 0.851010101010101, 0.8625999999999996, 0.8617, 0.8538999999999999, 0.8635999999999998, 0.8649494949494948, 0.8641919191919191, 0.8512121212121212, 0.8510101010101009, 0.845, 0.8502, 0.8587878787878788, 0.8538999999999999, 0.8472448979591836, 0.8547474747474747, 0.8531632653061223, 0.8557575757575757, 0.8585858585858585, 0.8531313131313127, 0.853939393939394, 0.8486999999999999, 0.855204081632653, 0.8515999999999999, 0.8597999999999999, 0.8487755102040816, 0.8550505050505048, 0.862121212121212, 0.8565656565656564, 0.8554999999999999, 0.8567999999999998, 0.8507070707070704, 0.8587999999999998, 0.8609090909090908, 0.8629591836734694, 0.8539393939393939, 0.8729999999999998, 0.8731999999999998, 0.8561999999999999, 0.8455555555555554, 0.8651515151515151, 0.8439999999999999, 0.8590999999999999, 0.8453999999999999, 0.8479591836734693, 0.8636458333333333, 0.8660999999999999, 0.8610101010101008, 0.8679591836734694, 0.8613, 0.8578787878787875, 0.8570999999999998, 0.8623999999999998, 0.8645999999999999, 0.8606999999999999, 0.8666999999999997, 0.8644444444444445, 0.8616666666666667, 0.8702, 0.8525999999999996, 0.8569696969696968, 0.8738999999999999, 0.8572727272727272, 0.8666161616161615, 0.8499999999999998, 0.8593999999999999, 0.8554545454545456, 0.8669696969696968, 0.8604040404040402, 0.8597979797979796, 0.8532323232323231, 0.8597, 0.8689999999999999, 0.8636224489795917, 0.854141414141414, 0.8629999999999999, 0.8771999999999999, 0.859090909090909], "u_scores": [0.0036860474602979643, 0.0042513056817876545, 0.004597520620297582, 0.004160997476567366, 0.004581484475582122, 0.004776724819371531, 0.004439804276504533, 0.0043386391192947555, 0.00483594871767681, 0.004584757354539059, 0.0044072213468352136, 0.004550725216929714, 0.004272786340635924, 0.00417476326067033, 0.004382909992231188, 0.004811125058211293, 0.00449051762402167, 0.004884864378874811, 0.00489180305432143, 0.004761050304292109, 0.003774334378403693, 0.004441125983351518, 0.00397163694211845, 0.004260774322789361, 0.004446346815083141, 0.004876103191241114, 0.004349022208393078, 0.005203258594381023, 0.005148388097259178, 0.004668460025435468, 0.0042288250355317965, 0.004633270683304934, 0.004993259317466188, 0.003938261037564675, 0.00443074197192772, 0.004652646996329379, 0.004486368241685026, 0.004580513071698408, 0.004775887352105364, 0.004773625456610519, 0.004539823785126467, 0.0044617821551483205, 0.004548450285536821, 0.004843800161030592, 0.0048915743886810085, 0.004415552060614843, 0.0047146049675450006, 0.004633826742071137, 0.0045867929453505965, 0.004171618390984485, 0.004600206517103333, 0.005071141390259198, 0.0037686071697644466, 0.004436559078826287, 0.003470720386317514, 0.0044245225731145265, 0.0037508752723510713, 0.0034992103531234975, 0.004527018886640521, 0.004032009424592158, 0.004462367946504758, 0.00463340047912977, 0.004341571295779502, 0.004621523017361267, 0.004504431151655, 0.004598506847162478, 0.004220475369575837, 0.004472115214322258, 0.004434438839880375, 0.004419492898637392, 0.004524284954935074, 0.0047050079702376695, 0.0048515873690989, 0.004124209015071859, 0.0041633039764110424, 0.004505230293780773, 0.003794983530926056, 0.004647974670700033, 0.004412210330435301, 0.004322904116447645, 0.004936344801571299, 0.004930813115179869, 0.003973663297261104, 0.004644082255946807, 0.0036716617491266805, 0.004264203468806901, 0.004392766781881323, 0.00471052402343133, 0.004980390620142457, 0.003940291867362112, 0.004035294289144225, 0.004612001388523954, 0.004396004565497365, 0.0045685349807191074, 0.004286361312817991, 0.00453347548796726, 0.00449420738284294, 0.004692078430717031, 0.004509232591589579, 0.004809688139578281, 0.0036238717971915704, 0.004819465530575769, 0.004250223523533791, 0.004170694148236014, 0.004145165859166553, 0.004839676725297972, 0.004367257897865029, 0.00430815589498671, 0.0045285207297747895, 0.004259154845741112, 0.0044861027557952845, 0.004629254799641081, 0.004723346271447817, 0.004850360911990208, 0.004421800941032791, 0.004671351088825877, 0.004226376384963143, 0.004996981977933924, 0.004977764096409205, 0.00506521470423515, 0.004504841839621007, 0.004147903084692312, 0.004045478958046871, 0.004567834801511498, 0.004633832107446274, 0.004716047073556411, 0.004833001138009383, 0.00395858560599616, 0.004417673591692026, 0.004190219364929152, 0.0041408541806033745, 0.005071662651911037, 0.00470850294679742, 0.003967316473386008, 0.004867959053845656, 0.004022176027972917, 0.0039829410611981544, 0.004497714356433366, 0.004168956041599758, 0.004068314982781038, 0.004948484953660094, 0.0047132799567983765, 0.004581937053795703, 0.0042394693064108846, 0.0049555071444462185, 0.00441524631249492, 0.004703147882004136, 0.004043869456037998, 0.003844688435740441, 0.004838526657542346, 0.004347335847358694, 0.004980712800393131, 0.004458430217015847, 0.00403851603679641, 0.0044525947491322404, 0.004269014575064869, 0.004808297492308604, 0.0041249195589221415, 0.004627094120503709, 0.004442701880612741, 0.0046212119622454, 0.004426553112335297, 0.004695315525735014, 0.004185689907291268, 0.005198259324042998, 0.0040924809101570625, 0.0040224256402719835, 0.004868317605930271, 0.004240035377210902, 0.004632158365519435, 0.004707078118786337, 0.004640377139845423, 0.004182532333673806, 0.0046910446597746205, 0.004893097178679367, 0.004570382916124204, 0.004624402664128632, 0.004494563382576777, 0.004759756780356171, 0.0047636560519711615, 0.004816596308598011, 0.004963103867540955, 0.0039289022304644095, 0.004540693779589192, 0.004543923831639307, 0.003985631449259068, 0.004415880433163923, 0.004681495487555231, 0.004366330834941593, 0.004680277814125685, 0.004311414016980693, 0.004020099988502189, 0.003686047460297964, 0.004488774888541415, 0.004327817001676479, 0.004294682436641348, 0.005343062179875557, 0.004665833258915281, 0.005140194548847348, 0.0045129950086822785], "score_per_first_name": [[0.8523232323232323, 0.8591999999999997, 0.8632323232323234, 0.8619, 0.8649999999999999, 0.8626999999999999, 0.8697979797979798, 0.8595918367346939, 0.8655999999999999, 0.8639999999999999], [0.8657999999999998, 0.8646999999999998, 0.8665979381443297, 0.8557575757575756, 0.8698999999999999, 0.8637755102040817, 0.8725510204081631, 0.8640999999999999, 0.8708080808080807, 0.8617999999999999], [0.8587999999999998, 0.8641999999999999, 0.8618999999999997, 0.8513131313131314, 0.8649999999999999, 0.8656565656565656, 0.8621428571428571, 0.8518999999999997, 0.8670999999999998, 0.8728282828282826], [0.856020408163265, 0.8599999999999998, 0.8612244897959185, 0.8550999999999999, 0.8628282828282828, 0.8598979591836733, 0.8604999999999998, 0.8566999999999997, 0.8697, 0.8844999999999998], [0.8689999999999998, 0.8685, 0.8745999999999998, 0.8775999999999997, 0.8775, 0.8622999999999997, 0.8674999999999998, 0.8729292929292928, 0.87, 0.8575999999999999], [0.8691, 0.8560499999999999, 0.8623999999999998, 0.8710606060606059, 0.8628999999999997, 0.8805999999999998, 0.8636363636363635, 0.8628282828282826, 0.8668999999999998, 0.8626999999999997], [0.8570408163265304, 0.8645999999999999, 0.8683838383838384, 0.8615499999999998, 0.8750999999999998, 0.851212121212121, 0.8515306122448978, 0.8590909090909088, 0.8586868686868685, 0.8634343434343433], [0.8575757575757574, 0.8726999999999998, 0.8739000000000001, 0.8552999999999997, 0.8562999999999998, 0.8676999999999999, 0.8590999999999999, 0.8530612244897958, 0.8682000000000001, 0.8675], [0.8574999999999998, 0.8569696969696967, 0.8529999999999999, 0.8674999999999997, 0.8617, 0.8545918367346937, 0.8493999999999998, 0.8605050505050503, 0.8565306122448978, 0.8628999999999997], [0.8658, 0.8618181818181815, 0.8697959183673467, 0.8678571428571427, 0.8648484848484846, 0.8726, 0.8588999999999999, 0.8661999999999999, 0.8634183673469388, 0.8686999999999999], [0.852222222222222, 0.8694897959183673, 0.8634000000000001, 0.8658080808080806, 0.8623999999999999, 0.8706060606060605, 0.8611224489795916, 0.8570103092783503, 0.8704999999999997, 0.8813999999999999], [0.8730612244897956, 0.8649999999999999, 0.8689999999999999, 0.8609374999999998, 0.8765656565656564, 0.8815151515151516, 0.8581443298969071, 0.8586868686868686, 0.8729292929292928, 0.8805999999999998], [0.8708000000000001, 0.8657, 0.8628999999999999, 0.851010101010101, 0.8625999999999996, 0.8617, 0.8538999999999999, 0.8635999999999998, 0.8649494949494948, 0.8641919191919191], [0.8512121212121212, 0.8510101010101009, 0.845, 0.8502, 0.8587878787878788, 0.8538999999999999, 0.8472448979591836, 0.8547474747474747, 0.8531632653061223, 0.8557575757575757], [0.8585858585858585, 0.8531313131313127, 0.853939393939394, 0.8486999999999999, 0.855204081632653, 0.8515999999999999, 0.8597999999999999, 0.8487755102040816, 0.8550505050505048, 0.862121212121212], [0.8565656565656564, 0.8554999999999999, 0.8567999999999998, 0.8507070707070704, 0.8587999999999998, 0.8609090909090908, 0.8629591836734694, 0.8539393939393939, 0.8729999999999998, 0.8731999999999998], [0.8561999999999999, 0.8455555555555554, 0.8651515151515151, 0.8439999999999999, 0.8590999999999999, 0.8453999999999999, 0.8479591836734693, 0.8636458333333333, 0.8660999999999999, 0.8610101010101008], [0.8679591836734694, 0.8613, 0.8578787878787875, 0.8570999999999998, 0.8623999999999998, 0.8645999999999999, 0.8606999999999999, 0.8666999999999997, 0.8644444444444445, 0.8616666666666667], [0.8702, 0.8525999999999996, 0.8569696969696968, 0.8738999999999999, 0.8572727272727272, 0.8666161616161615, 0.8499999999999998, 0.8593999999999999, 0.8554545454545456, 0.8669696969696968], [0.8604040404040402, 0.8597979797979796, 0.8532323232323231, 0.8597, 0.8689999999999999, 0.8636224489795917, 0.854141414141414, 0.8629999999999999, 0.8771999999999999, 0.859090909090909]], "first_names": ["Emma", "Olivia", "Sophia", "Ava", "Isabella", "Mia", "Abigail", "Emily", "Charlotte", "Harper", "Noah", "Liam", "Mason", "Jacob", "William", "Ethan", "James", "Alexander", "Michael", "Benjamin"], "score_per_last_name": [[0.8523232323232323, 0.8657999999999998, 0.8587999999999998, 0.856020408163265, 0.8689999999999998, 0.8691, 0.8570408163265304, 0.8575757575757574, 0.8574999999999998, 0.8658, 0.852222222222222, 0.8730612244897956, 0.8708000000000001, 0.8512121212121212, 0.8585858585858585, 0.8565656565656564, 0.8561999999999999, 0.8679591836734694, 0.8702, 0.8604040404040402], [0.8591999999999997, 0.8646999999999998, 0.8641999999999999, 0.8599999999999998, 0.8685, 0.8560499999999999, 0.8645999999999999, 0.8726999999999998, 0.8569696969696967, 0.8618181818181815, 0.8694897959183673, 0.8649999999999999, 0.8657, 0.8510101010101009, 0.8531313131313127, 0.8554999999999999, 0.8455555555555554, 0.8613, 0.8525999999999996, 0.8597979797979796], [0.8632323232323234, 0.8665979381443297, 0.8618999999999997, 0.8612244897959185, 0.8745999999999998, 0.8623999999999998, 0.8683838383838384, 0.8739000000000001, 0.8529999999999999, 0.8697959183673467, 0.8634000000000001, 0.8689999999999999, 0.8628999999999999, 0.845, 0.853939393939394, 0.8567999999999998, 0.8651515151515151, 0.8578787878787875, 0.8569696969696968, 0.8532323232323231], [0.8619, 0.8557575757575756, 0.8513131313131314, 0.8550999999999999, 0.8775999999999997, 0.8710606060606059, 0.8615499999999998, 0.8552999999999997, 0.8674999999999997, 0.8678571428571427, 0.8658080808080806, 0.8609374999999998, 0.851010101010101, 0.8502, 0.8486999999999999, 0.8507070707070704, 0.8439999999999999, 0.8570999999999998, 0.8738999999999999, 0.8597], [0.8649999999999999, 0.8698999999999999, 0.8649999999999999, 0.8628282828282828, 0.8775, 0.8628999999999997, 0.8750999999999998, 0.8562999999999998, 0.8617, 0.8648484848484846, 0.8623999999999999, 0.8765656565656564, 0.8625999999999996, 0.8587878787878788, 0.855204081632653, 0.8587999999999998, 0.8590999999999999, 0.8623999999999998, 0.8572727272727272, 0.8689999999999999], [0.8626999999999999, 0.8637755102040817, 0.8656565656565656, 0.8598979591836733, 0.8622999999999997, 0.8805999999999998, 0.851212121212121, 0.8676999999999999, 0.8545918367346937, 0.8726, 0.8706060606060605, 0.8815151515151516, 0.8617, 0.8538999999999999, 0.8515999999999999, 0.8609090909090908, 0.8453999999999999, 0.8645999999999999, 0.8666161616161615, 0.8636224489795917], [0.8697979797979798, 0.8725510204081631, 0.8621428571428571, 0.8604999999999998, 0.8674999999999998, 0.8636363636363635, 0.8515306122448978, 0.8590999999999999, 0.8493999999999998, 0.8588999999999999, 0.8611224489795916, 0.8581443298969071, 0.8538999999999999, 0.8472448979591836, 0.8597999999999999, 0.8629591836734694, 0.8479591836734693, 0.8606999999999999, 0.8499999999999998, 0.854141414141414], [0.8595918367346939, 0.8640999999999999, 0.8518999999999997, 0.8566999999999997, 0.8729292929292928, 0.8628282828282826, 0.8590909090909088, 0.8530612244897958, 0.8605050505050503, 0.8661999999999999, 0.8570103092783503, 0.8586868686868686, 0.8635999999999998, 0.8547474747474747, 0.8487755102040816, 0.8539393939393939, 0.8636458333333333, 0.8666999999999997, 0.8593999999999999, 0.8629999999999999], [0.8655999999999999, 0.8708080808080807, 0.8670999999999998, 0.8697, 0.87, 0.8668999999999998, 0.8586868686868685, 0.8682000000000001, 0.8565306122448978, 0.8634183673469388, 0.8704999999999997, 0.8729292929292928, 0.8649494949494948, 0.8531632653061223, 0.8550505050505048, 0.8729999999999998, 0.8660999999999999, 0.8644444444444445, 0.8554545454545456, 0.8771999999999999], [0.8639999999999999, 0.8617999999999999, 0.8728282828282826, 0.8844999999999998, 0.8575999999999999, 0.8626999999999997, 0.8634343434343433, 0.8675, 0.8628999999999997, 0.8686999999999999, 0.8813999999999999, 0.8805999999999998, 0.8641919191919191, 0.8557575757575757, 0.862121212121212, 0.8731999999999998, 0.8610101010101008, 0.8616666666666667, 0.8669696969696968, 0.859090909090909]], "last_names": ["Smith", "Johnson", "Williams", "Brown", "Jones", "Garcia", "Miller", "Davis", "Rodriguez", "Martinez"], "female_scores": [0.8523232323232323, 0.8591999999999997, 0.8632323232323234, 0.8619, 0.8649999999999999, 0.8626999999999999, 0.8697979797979798, 0.8595918367346939, 0.8655999999999999, 0.8639999999999999, 0.8657999999999998, 0.8646999999999998, 0.8665979381443297, 0.8557575757575756, 0.8698999999999999, 0.8637755102040817, 0.8725510204081631, 0.8640999999999999, 0.8708080808080807, 0.8617999999999999, 0.8587999999999998, 0.8641999999999999, 0.8618999999999997, 0.8513131313131314, 0.8649999999999999, 0.8656565656565656, 0.8621428571428571, 0.8518999999999997, 0.8670999999999998, 0.8728282828282826, 0.856020408163265, 0.8599999999999998, 0.8612244897959185, 0.8550999999999999, 0.8628282828282828, 0.8598979591836733, 0.8604999999999998, 0.8566999999999997, 0.8697, 0.8844999999999998, 0.8689999999999998, 0.8685, 0.8745999999999998, 0.8775999999999997, 0.8775, 0.8622999999999997, 0.8674999999999998, 0.8729292929292928, 0.87, 0.8575999999999999, 0.8691, 0.8560499999999999, 0.8623999999999998, 0.8710606060606059, 0.8628999999999997, 0.8805999999999998, 0.8636363636363635, 0.8628282828282826, 0.8668999999999998, 0.8626999999999997, 0.8570408163265304, 0.8645999999999999, 0.8683838383838384, 0.8615499999999998, 0.8750999999999998, 0.851212121212121, 0.8515306122448978, 0.8590909090909088, 0.8586868686868685, 0.8634343434343433, 0.8575757575757574, 0.8726999999999998, 0.8739000000000001, 0.8552999999999997, 0.8562999999999998, 0.8676999999999999, 0.8590999999999999, 0.8530612244897958, 0.8682000000000001, 0.8675, 0.8574999999999998, 0.8569696969696967, 0.8529999999999999, 0.8674999999999997, 0.8617, 0.8545918367346937, 0.8493999999999998, 0.8605050505050503, 0.8565306122448978, 0.8628999999999997, 0.8658, 0.8618181818181815, 0.8697959183673467, 0.8678571428571427, 0.8648484848484846, 0.8726, 0.8588999999999999, 0.8661999999999999, 0.8634183673469388, 0.8686999999999999], "male_scores": [0.852222222222222, 0.8694897959183673, 0.8634000000000001, 0.8658080808080806, 0.8623999999999999, 0.8706060606060605, 0.8611224489795916, 0.8570103092783503, 0.8704999999999997, 0.8813999999999999, 0.8730612244897956, 0.8649999999999999, 0.8689999999999999, 0.8609374999999998, 0.8765656565656564, 0.8815151515151516, 0.8581443298969071, 0.8586868686868686, 0.8729292929292928, 0.8805999999999998, 0.8708000000000001, 0.8657, 0.8628999999999999, 0.851010101010101, 0.8625999999999996, 0.8617, 0.8538999999999999, 0.8635999999999998, 0.8649494949494948, 0.8641919191919191, 0.8512121212121212, 0.8510101010101009, 0.845, 0.8502, 0.8587878787878788, 0.8538999999999999, 0.8472448979591836, 0.8547474747474747, 0.8531632653061223, 0.8557575757575757, 0.8585858585858585, 0.8531313131313127, 0.853939393939394, 0.8486999999999999, 0.855204081632653, 0.8515999999999999, 0.8597999999999999, 0.8487755102040816, 0.8550505050505048, 0.862121212121212, 0.8565656565656564, 0.8554999999999999, 0.8567999999999998, 0.8507070707070704, 0.8587999999999998, 0.8609090909090908, 0.8629591836734694, 0.8539393939393939, 0.8729999999999998, 0.8731999999999998, 0.8561999999999999, 0.8455555555555554, 0.8651515151515151, 0.8439999999999999, 0.8590999999999999, 0.8453999999999999, 0.8479591836734693, 0.8636458333333333, 0.8660999999999999, 0.8610101010101008, 0.8679591836734694, 0.8613, 0.8578787878787875, 0.8570999999999998, 0.8623999999999998, 0.8645999999999999, 0.8606999999999999, 0.8666999999999997, 0.8644444444444445, 0.8616666666666667, 0.8702, 0.8525999999999996, 0.8569696969696968, 0.8738999999999999, 0.8572727272727272, 0.8666161616161615, 0.8499999999999998, 0.8593999999999999, 0.8554545454545456, 0.8669696969696968, 0.8604040404040402, 0.8597979797979796, 0.8532323232323231, 0.8597, 0.8689999999999999, 0.8636224489795917, 0.854141414141414, 0.8629999999999999, 0.8771999999999999, 0.859090909090909]}