{"avg_scores": [0.8758000000000001, 0.8728, 0.8781, 0.8692000000000002, 0.8771, 0.8737999999999999, 0.8684000000000001, 0.8737000000000001, 0.8691, 0.8679000000000002, 0.8759999999999999, 0.872, 0.8814, 0.8754000000000001, 0.8729000000000002, 0.8769, 0.8814, 0.8719999999999998, 0.8666000000000001, 0.8778, 0.8797, 0.8801000000000001, 0.8822, 0.8867, 0.8835000000000001, 0.8827500000000001, 0.8775, 0.8820000000000001, 0.8870000000000001, 0.8786999999999999, 0.8819000000000002, 0.8706, 0.8745000000000002, 0.8775, 0.8768999999999997, 0.8749999999999999, 0.8769999999999999, 0.8754, 0.8747, 0.8734000000000001, 0.8885999999999998, 0.8742, 0.8837000000000004, 0.8731999999999998, 0.8739, 0.8767999999999999, 0.8745000000000002, 0.8686, 0.8765000000000001, 0.8702, 0.8777000000000003, 0.8780000000000002, 0.8761999999999999, 0.8826000000000002, 0.8836000000000003, 0.8765999999999999, 0.8721000000000001, 0.8845999999999999, 0.8814, 0.8759999999999999, 0.8741, 0.8714, 0.8704999999999999, 0.8692000000000002, 0.875, 0.8704999999999999, 0.8709, 0.8785000000000001, 0.8737000000000001, 0.8693000000000001, 0.8584999999999999, 0.8785000000000003, 0.8617, 0.8652000000000001, 0.8678999999999999, 0.8689, 0.8563000000000001, 0.8740000000000001, 0.8533000000000002, 0.8725, 0.8785000000000003, 0.8775499999999999, 0.8762000000000002, 0.8704, 0.8713, 0.8448999999999998, 0.8695999999999998, 0.8706000000000003, 0.8704000000000002, 0.8489999999999999, 0.8699000000000001, 0.8685000000000003, 0.8694, 0.8747, 0.8759999999999999, 0.8696, 0.8632, 0.8710000000000002, 0.8835000000000001, 0.8732000000000001, 0.8629000000000001, 0.8735999999999998, 0.8703000000000002, 0.8718, 0.8737, 0.8678999999999999, 0.8645999999999998, 0.8725, 0.8641999999999999, 0.8713, 0.8678999999999998, 0.8608000000000001, 0.8624999999999998, 0.8709, 0.8759999999999999, 0.8669, 0.8640000000000001, 0.8664000000000001, 0.872, 0.8729999999999997, 0.8673000000000001, 0.8684500000000002, 0.8725000000000002, 0.8715999999999998, 0.8744999999999998, 0.8771999999999998, 0.862, 0.8639, 0.8756999999999998, 0.8722, 0.8527999999999999, 0.8719, 0.8623999999999999, 0.8649999999999999, 0.8695, 0.8598999999999998, 0.8657999999999998, 0.8694, 0.8577000000000001, 0.8695, 0.8673000000000002, 0.8737000000000004, 0.8684000000000001, 0.8706, 0.8603999999999999, 0.8650999999999999, 0.8648, 0.8723000000000002, 0.8639999999999999, 0.8749000000000001, 0.8704999999999999, 0.8647999999999998, 0.8749000000000001, 0.88, 0.8732000000000001, 0.8774000000000001, 0.8719000000000001, 0.8728, 0.8731, 0.8640000000000001, 0.8678999999999999, 0.8649999999999998, 0.8694999999999999, 0.8576, 0.8638999999999999, 0.8674, 0.8626999999999998, 0.8651999999999999, 0.8646000000000003, 0.8693, 0.8630000000000001, 0.8641999999999999, 0.8728, 0.8695999999999999, 0.8707000000000003, 0.8682000000000001, 0.8706, 0.8619, 0.8683000000000001, 0.8636000000000001, 0.8690000000000001, 0.8817000000000003, 0.8604999999999999, 0.8497, 0.8604999999999999, 0.8571, 0.8648, 0.8607999999999998, 0.8641, 0.8666000000000003, 0.8638999999999997, 0.8758499999999999, 0.8663999999999998, 0.8675999999999999, 0.8714000000000002, 0.8727000000000001, 0.8691999999999996, 0.8711999999999999, 0.8654999999999999, 0.87035], "u_scores": [0.0029400000000000016, 0.003484479875103314, 0.0033873145705706166, 0.003722042450053466, 0.002943790074037211, 0.003629820932222415, 0.00349204810963423, 0.003342618733867206, 0.002953286305118419, 0.0033114800316474805, 0.0033526109228480426, 0.0035411862419251544, 0.0029394557319340608, 0.0031825147289525624, 0.003476478102908172, 0.003177089863381269, 0.0034235069738500616, 0.003264965543462902, 0.0032410492128321657, 0.003093800252117128, 0.0028229594400203503, 0.003074068964743636, 0.003189294592852784, 0.003289544041352844, 0.0024550967394381855, 0.002843743131859839, 0.003418698582794336, 0.002694438717061497, 0.003508560958569767, 0.0028236678274896304, 0.00302554127388803, 0.003319096262538946, 0.003040970239906995, 0.0030310889132455364, 0.002755703177049373, 0.003278719262151001, 0.003116087290176577, 0.003102966322730559, 0.0032694189086135785, 0.0034065231541852174, 0.0029258161254596985, 0.0031660069488237083, 0.0030221019175401746, 0.0033402993877794857, 0.0030195860643472323, 0.0029423799890564793, 0.003040970239906995, 0.003049655718273787, 0.003037680035816809, 0.0033105286586888215, 0.0031011449498531997, 0.0032124756808418024, 0.0031105626500683124, 0.002827083302628348, 0.0029850293130889026, 0.003191300675273329, 0.003259739253375951, 0.0031286418778760866, 0.002778560778532657, 0.003773592452822641, 0.003611357085639691, 0.003402998677637122, 0.003747999466382033, 0.003514768840194189, 0.0031670175244226237, 0.0033981612675092394, 0.003168895706709201, 0.0031028212968200416, 0.003342618733867206, 0.003060245088224145, 0.0042458803562983255, 0.0027617928959282967, 0.003149777769938698, 0.003837916101219515, 0.003482226299366542, 0.0039696221482655, 0.004141630113856136, 0.0035693136595149498, 0.004886829237859658, 0.0031917863337009265, 0.0032599846625406075, 0.0030630825976457124, 0.0030324247723562746, 0.003162024667835468, 0.0033185991020308558, 0.004471006598071623, 0.0039595959389816535, 0.0035883701035428323, 0.003663113429857176, 0.004182104733265296, 0.0032969531388844465, 0.0032661138988100227, 0.00358, 0.0032694189086135785, 0.0027276363393971726, 0.0036439538965250375, 0.003577373338079211, 0.0034770677301427426, 0.0032874762356555525, 0.0034867750142502747, 0.004030620299656121, 0.0029241067011995317, 0.0033119631640463635, 0.0034507390512758286, 0.00329440434676741, 0.0034649531021357276, 0.0034012350697945003, 0.003147618147107429, 0.0036774447650508636, 0.003297438399727887, 0.00375844382690496, 0.0034019994121104722, 0.004023369234857769, 0.0036002638792177444, 0.003120897306865448, 0.0031581481915831633, 0.0037469987990390386, 0.0033272210626888016, 0.0034146742157927746, 0.0031160872901765777, 0.0034054515119143897, 0.003563491967158057, 0.0034910600109422352, 0.00291108227296997, 0.002937260628544904, 0.0035555027773860625, 0.0034727510708370676, 0.003042679739966072, 0.003030692990060194, 0.0030185426947452647, 0.004574013554855297, 0.003195919273073086, 0.00324690621977291, 0.0034828149534536002, 0.0032322592717787977, 0.003514242450372483, 0.003415201311782367, 0.00358, 0.003961956587344187, 0.0034536212878658254, 0.0039846078853508285, 0.003559929774588258, 0.00363240966852584, 0.0030848662855948884, 0.00339092907622675, 0.0035594802991448064, 0.0034712533759436227, 0.003152316608464322, 0.0033436506994600984, 0.0029512539707724256, 0.003169779172119093, 0.0030772715187321383, 0.003210903299696209, 0.002979932885150269, 0.003414322773259728, 0.003093929540244898, 0.003678844927419475, 0.0031147391544076386, 0.00308770141043463, 0.00332264954516723, 0.0031758306000163176, 0.003278719262151001, 0.0032322592717787977, 0.004264082550795656, 0.004171078997094157, 0.0037486530914449786, 0.003110803754658915, 0.0035678564993564415, 0.0040160179282468355, 0.003653094578573076, 0.0034132096331752023, 0.0037448097414955533, 0.0032406172251594305, 0.0031270433319671156, 0.003137690233276703, 0.0033507611075694428, 0.0033847304176256045, 0.0029856155144291443, 0.0033378286355054236, 0.0042650205157771515, 0.003300000000000001, 0.003039917762045546, 0.003389321466016465, 0.0044484941272300215, 0.00348532638356869, 0.0037637614164556174, 0.0037562747503344313, 0.0033902212317192515, 0.003725842186674041, 0.003536156105151468, 0.0033011967526943922, 0.0032016050662128843, 0.003374966666502056, 0.002932984827782102, 0.003029917490625777, 0.002918407099772067, 0.003294480232145885, 0.0035419768491620615, 0.0030573681492420905, 0.0027260365001224784], "score_per_first_name": [[0.8758000000000001, 0.8728, 0.8781, 0.8692000000000002, 0.8771, 0.8737999999999999, 0.8684000000000001, 0.8737000000000001, 0.8691, 0.8679000000000002], [0.8759999999999999, 0.872, 0.8814, 0.8754000000000001, 0.8729000000000002, 0.8769, 0.8814, 0.8719999999999998, 0.8666000000000001, 0.8778], [0.8797, 0.8801000000000001, 0.8822, 0.8867, 0.8835000000000001, 0.8827500000000001, 0.8775, 0.8820000000000001, 0.8870000000000001, 0.8786999999999999], [0.8819000000000002, 0.8706, 0.8745000000000002, 0.8775, 0.8768999999999997, 0.8749999999999999, 0.8769999999999999, 0.8754, 0.8747, 0.8734000000000001], [0.8885999999999998, 0.8742, 0.8837000000000004, 0.8731999999999998, 0.8739, 0.8767999999999999, 0.8745000000000002, 0.8686, 0.8765000000000001, 0.8702], [0.8777000000000003, 0.8780000000000002, 0.8761999999999999, 0.8826000000000002, 0.8836000000000003, 0.8765999999999999, 0.8721000000000001, 0.8845999999999999, 0.8814, 0.8759999999999999], [0.8741, 0.8714, 0.8704999999999999, 0.8692000000000002, 0.875, 0.8704999999999999, 0.8709, 0.8785000000000001, 0.8737000000000001, 0.8693000000000001], [0.8584999999999999, 0.8785000000000003, 0.8617, 0.8652000000000001, 0.8678999999999999, 0.8689, 0.8563000000000001, 0.8740000000000001, 0.8533000000000002, 0.8725], [0.8785000000000003, 0.8775499999999999, 0.8762000000000002, 0.8704, 0.8713, 0.8448999999999998, 0.8695999999999998, 0.8706000000000003, 0.8704000000000002, 0.8489999999999999], [0.8699000000000001, 0.8685000000000003, 0.8694, 0.8747, 0.8759999999999999, 0.8696, 0.8632, 0.8710000000000002, 0.8835000000000001, 0.8732000000000001], [0.8629000000000001, 0.8735999999999998, 0.8703000000000002, 0.8718, 0.8737, 0.8678999999999999, 0.8645999999999998, 0.8725, 0.8641999999999999, 0.8713], [0.8678999999999998, 0.8608000000000001, 0.8624999999999998, 0.8709, 0.8759999999999999, 0.8669, 0.8640000000000001, 0.8664000000000001, 0.872, 0.8729999999999997], [0.8673000000000001, 0.8684500000000002, 0.8725000000000002, 0.8715999999999998, 0.8744999999999998, 0.8771999999999998, 0.862, 0.8639, 0.8756999999999998, 0.8722], [0.8527999999999999, 0.8719, 0.8623999999999999, 0.8649999999999999, 0.8695, 0.8598999999999998, 0.8657999999999998, 0.8694, 0.8577000000000001, 0.8695], [0.8673000000000002, 0.8737000000000004, 0.8684000000000001, 0.8706, 0.8603999999999999, 0.8650999999999999, 0.8648, 0.8723000000000002, 0.8639999999999999, 0.8749000000000001], [0.8704999999999999, 0.8647999999999998, 0.8749000000000001, 0.88, 0.8732000000000001, 0.8774000000000001, 0.8719000000000001, 0.8728, 0.8731, 0.8640000000000001], [0.8678999999999999, 0.8649999999999998, 0.8694999999999999, 0.8576, 0.8638999999999999, 0.8674, 0.8626999999999998, 0.8651999999999999, 0.8646000000000003, 0.8693], [0.8630000000000001, 0.8641999999999999, 0.8728, 0.8695999999999999, 0.8707000000000003, 0.8682000000000001, 0.8706, 0.8619, 0.8683000000000001, 0.8636000000000001], [0.8690000000000001, 0.8817000000000003, 0.8604999999999999, 0.8497, 0.8604999999999999, 0.8571, 0.8648, 0.8607999999999998, 0.8641, 0.8666000000000003], [0.8638999999999997, 0.8758499999999999, 0.8663999999999998, 0.8675999999999999, 0.8714000000000002, 0.8727000000000001, 0.8691999999999996, 0.8711999999999999, 0.8654999999999999, 0.87035]], "first_names": ["Emma", "Olivia", "Sophia", "Ava", "Isabella", "Mia", "Abigail", "Emily", "Charlotte", "Harper", "Noah", "Liam", "Mason", "Jacob", "William", "Ethan", "James", "Alexander", "Michael", "Benjamin"], "score_per_last_name": [[0.8758000000000001, 0.8759999999999999, 0.8797, 0.8819000000000002, 0.8885999999999998, 0.8777000000000003, 0.8741, 0.8584999999999999, 0.8785000000000003, 0.8699000000000001, 0.8629000000000001, 0.8678999999999998, 0.8673000000000001, 0.8527999999999999, 0.8673000000000002, 0.8704999999999999, 0.8678999999999999, 0.8630000000000001, 0.8690000000000001, 0.8638999999999997], [0.8728, 0.872, 0.8801000000000001, 0.8706, 0.8742, 0.8780000000000002, 0.8714, 0.8785000000000003, 0.8775499999999999, 0.8685000000000003, 0.8735999999999998, 0.8608000000000001, 0.8684500000000002, 0.8719, 0.8737000000000004, 0.8647999999999998, 0.8649999999999998, 0.8641999999999999, 0.8817000000000003, 0.8758499999999999], [0.8781, 0.8814, 0.8822, 0.8745000000000002, 0.8837000000000004, 0.8761999999999999, 0.8704999999999999, 0.8617, 0.8762000000000002, 0.8694, 0.8703000000000002, 0.8624999999999998, 0.8725000000000002, 0.8623999999999999, 0.8684000000000001, 0.8749000000000001, 0.8694999999999999, 0.8728, 0.8604999999999999, 0.8663999999999998], [0.8692000000000002, 0.8754000000000001, 0.8867, 0.8775, 0.8731999999999998, 0.8826000000000002, 0.8692000000000002, 0.8652000000000001, 0.8704, 0.8747, 0.8718, 0.8709, 0.8715999999999998, 0.8649999999999999, 0.8706, 0.88, 0.8576, 0.8695999999999999, 0.8497, 0.8675999999999999], [0.8771, 0.8729000000000002, 0.8835000000000001, 0.8768999999999997, 0.8739, 0.8836000000000003, 0.875, 0.8678999999999999, 0.8713, 0.8759999999999999, 0.8737, 0.8759999999999999, 0.8744999999999998, 0.8695, 0.8603999999999999, 0.8732000000000001, 0.8638999999999999, 0.8707000000000003, 0.8604999999999999, 0.8714000000000002], [0.8737999999999999, 0.8769, 0.8827500000000001, 0.8749999999999999, 0.8767999999999999, 0.8765999999999999, 0.8704999999999999, 0.8689, 0.8448999999999998, 0.8696, 0.8678999999999999, 0.8669, 0.8771999999999998, 0.8598999999999998, 0.8650999999999999, 0.8774000000000001, 0.8674, 0.8682000000000001, 0.8571, 0.8727000000000001], [0.8684000000000001, 0.8814, 0.8775, 0.8769999999999999, 0.8745000000000002, 0.8721000000000001, 0.8709, 0.8563000000000001, 0.8695999999999998, 0.8632, 0.8645999999999998, 0.8640000000000001, 0.862, 0.8657999999999998, 0.8648, 0.8719000000000001, 0.8626999999999998, 0.8706, 0.8648, 0.8691999999999996], [0.8737000000000001, 0.8719999999999998, 0.8820000000000001, 0.8754, 0.8686, 0.8845999999999999, 0.8785000000000001, 0.8740000000000001, 0.8706000000000003, 0.8710000000000002, 0.8725, 0.8664000000000001, 0.8639, 0.8694, 0.8723000000000002, 0.8728, 0.8651999999999999, 0.8619, 0.8607999999999998, 0.8711999999999999], [0.8691, 0.8666000000000001, 0.8870000000000001, 0.8747, 0.8765000000000001, 0.8814, 0.8737000000000001, 0.8533000000000002, 0.8704000000000002, 0.8835000000000001, 0.8641999999999999, 0.872, 0.8756999999999998, 0.8577000000000001, 0.8639999999999999, 0.8731, 0.8646000000000003, 0.8683000000000001, 0.8641, 0.8654999999999999], [0.8679000000000002, 0.8778, 0.8786999999999999, 0.8734000000000001, 0.8702, 0.8759999999999999, 0.8693000000000001, 0.8725, 0.8489999999999999, 0.8732000000000001, 0.8713, 0.8729999999999997, 0.8722, 0.8695, 0.8749000000000001, 0.8640000000000001, 0.8693, 0.8636000000000001, 0.8666000000000003, 0.87035]], "last_names": ["Smith", "Johnson", "Williams", "Brown", "Jones", "Garcia", "Miller", "Davis", "Rodriguez", "Martinez"], "female_scores": [0.8758000000000001, 0.8728, 0.8781, 0.8692000000000002, 0.8771, 0.8737999999999999, 0.8684000000000001, 0.8737000000000001, 0.8691, 0.8679000000000002, 0.8759999999999999, 0.872, 0.8814, 0.8754000000000001, 0.8729000000000002, 0.8769, 0.8814, 0.8719999999999998, 0.8666000000000001, 0.8778, 0.8797, 0.8801000000000001, 0.8822, 0.8867, 0.8835000000000001, 0.8827500000000001, 0.8775, 0.8820000000000001, 0.8870000000000001, 0.8786999999999999, 0.8819000000000002, 0.8706, 0.8745000000000002, 0.8775, 0.8768999999999997, 0.8749999999999999, 0.8769999999999999, 0.8754, 0.8747, 0.8734000000000001, 0.8885999999999998, 0.8742, 0.8837000000000004, 0.8731999999999998, 0.8739, 0.8767999999999999, 0.8745000000000002, 0.8686, 0.8765000000000001, 0.8702, 0.8777000000000003, 0.8780000000000002, 0.8761999999999999, 0.8826000000000002, 0.8836000000000003, 0.8765999999999999, 0.8721000000000001, 0.8845999999999999, 0.8814, 0.8759999999999999, 0.8741, 0.8714, 0.8704999999999999, 0.8692000000000002, 0.875, 0.8704999999999999, 0.8709, 0.8785000000000001, 0.8737000000000001, 0.8693000000000001, 0.8584999999999999, 0.8785000000000003, 0.8617, 0.8652000000000001, 0.8678999999999999, 0.8689, 0.8563000000000001, 0.8740000000000001, 0.8533000000000002, 0.8725, 0.8785000000000003, 0.8775499999999999, 0.8762000000000002, 0.8704, 0.8713, 0.8448999999999998, 0.8695999999999998, 0.8706000000000003, 0.8704000000000002, 0.8489999999999999, 0.8699000000000001, 0.8685000000000003, 0.8694, 0.8747, 0.8759999999999999, 0.8696, 0.8632, 0.8710000000000002, 0.8835000000000001, 0.8732000000000001], "male_scores": [0.8629000000000001, 0.8735999999999998, 0.8703000000000002, 0.8718, 0.8737, 0.8678999999999999, 0.8645999999999998, 0.8725, 0.8641999999999999, 0.8713, 0.8678999999999998, 0.8608000000000001, 0.8624999999999998, 0.8709, 0.8759999999999999, 0.8669, 0.8640000000000001, 0.8664000000000001, 0.872, 0.8729999999999997, 0.8673000000000001, 0.8684500000000002, 0.8725000000000002, 0.8715999999999998, 0.8744999999999998, 0.8771999999999998, 0.862, 0.8639, 0.8756999999999998, 0.8722, 0.8527999999999999, 0.8719, 0.8623999999999999, 0.8649999999999999, 0.8695, 0.8598999999999998, 0.8657999999999998, 0.8694, 0.8577000000000001, 0.8695, 0.8673000000000002, 0.8737000000000004, 0.8684000000000001, 0.8706, 0.8603999999999999, 0.8650999999999999, 0.8648, 0.8723000000000002, 0.8639999999999999, 0.8749000000000001, 0.8704999999999999, 0.8647999999999998, 0.8749000000000001, 0.88, 0.8732000000000001, 0.8774000000000001, 0.8719000000000001, 0.8728, 0.8731, 0.8640000000000001, 0.8678999999999999, 0.8649999999999998, 0.8694999999999999, 0.8576, 0.8638999999999999, 0.8674, 0.8626999999999998, 0.8651999999999999, 0.8646000000000003, 0.8693, 0.8630000000000001, 0.8641999999999999, 0.8728, 0.8695999999999999, 0.8707000000000003, 0.8682000000000001, 0.8706, 0.8619, 0.8683000000000001, 0.8636000000000001, 0.8690000000000001, 0.8817000000000003, 0.8604999999999999, 0.8497, 0.8604999999999999, 0.8571, 0.8648, 0.8607999999999998, 0.8641, 0.8666000000000003, 0.8638999999999997, 0.8758499999999999, 0.8663999999999998, 0.8675999999999999, 0.8714000000000002, 0.8727000000000001, 0.8691999999999996, 0.8711999999999999, 0.8654999999999999, 0.87035]}